300	45.0378	44.8511	44.8404	44.8634	44.8698	44.8423	44.7758	49.9927	48.4898	47.2431	46.1767	45.2464	49.4738	49.1421	48.8526	49.4579
400	44.9316	44.8505	44.8377	44.7922	44.6884	44.5248	44.3077	48.225	46.6604	45.3723	44.2811	43.3381	48.9661	48.5768	48.199	47.5635
500	44.8789	44.8078	44.7242	44.5616	44.3164	44.0013	43.6315	46.8119	45.2133	43.9067	42.8066	41.8602	48.4805	47.9976	47.5084	46.0797
600	44.8476	44.7244	44.526	44.2213	43.8259	43.3627	42.8532	45.6275	44.0067	42.6921	41.5914	40.6472	48.0032	47.4078	46.8006	44.8487
700	44.7602	44.5562	44.2332	43.7888	43.2543	42.6612	42.0355	44.632	42.9988	41.678	40.5737	39.6265	47.4955	46.7918	46.0776	43.8196
800	44.6568	44.3502	43.8936	43.3114	42.6479	41.9414	41.2206	43.7469	42.106	40.7835	39.6789	38.731	46.9953	46.1835	45.3684	42.9117
900	44.5324	44.1009	43.5073	42.7964	42.021	41.2233	40.4334	42.9846	41.3401	40.0162	38.9104	37.9611	46.48	45.5681	44.6671	42.1313
1000	44.3801	43.8296	43.1089	42.2825	41.4117	40.5412	39.701	42.2838	40.6313	39.3044	38.1973	37.2466	45.9853	44.9849	44.0095	41.4057
1100	44.206	43.5299	42.6856	41.754	40.8022	39.8764	39.0058	41.6545	40.004	38.678	37.5697	36.6161	45.4819	44.4001	43.363	40.7698
1200	44.0058	43.2135	42.2626	41.2469	40.238	39.2818	38.4042	41.0843	39.4271	38.0949	36.9806	36.0204	44.9951	43.8467	42.7634	40.1765
1300	43.8003	42.893	41.8394	40.745	39.6831	38.6968	37.8064	40.5486	38.8924	37.5625	36.448	35.4835	44.5322	43.3242	42.2013	39.6317
1400	43.5912	42.5676	41.4216	40.2674	39.1773	38.187	37.3044	40.053	38.3938	37.059	35.9389	34.9697	44.0674	42.8095	41.6602	39.1192
1500	43.3708	42.2423	41.0163	39.8112	38.6953	37.6965	36.8101	39.6013	37.9366	36.5953	35.4676	34.492	43.6271	42.3325	41.1653	38.6502
1600	43.1433	41.9171	40.6178	39.3645	38.2177	37.1922	36.2693	39.174	37.5093	36.166	35.0333	34.0519	43.2066	41.8773	40.6901	38.215
1700	42.908	41.5953	40.2442	38.9738	37.8329	36.8164	35.882	38.7673	37.0991	35.7563	34.6324	33.6739	42.8004	41.4457	40.2464	37.7889
1800	42.6742	41.2732	39.8631	38.5576	37.3923	36.3456	35.3599	38.377	36.6996	35.3454	34.2128	33.2574	42.407	41.03	39.8166	37.3785
1900	42.4428	40.9585	39.4893	38.1396	36.9297	35.823	34.7519	38.0177	36.3404	34.9846	33.8526	32.9072	42.0264	40.6234	39.3854	37.0175
2000	42.2152	40.6705	39.1727	37.8128	36.5885	35.4399	34.2852	37.6856	36.0171	34.681	33.584	32.6915	41.6699	40.2435	38.9766	36.6912
2100	41.9852	40.3838	38.8606	37.4899	36.2452	35.0454	33.7976	37.3534	35.6798	34.3489	33.2771	32.4351	41.3272	39.8803	38.5822	36.3513
2200	41.7466	40.0743	38.4999	37.0818	35.7767	34.4926	33.1363	37.0263	35.3364	33.9927	32.9236	32.1097	40.9848	39.5123	38.1754	36.0093
2300	41.5101	39.7685	38.139	36.6627	35.2814	33.8977	32.4237	36.7306	35.0449	33.7129	32.6678	31.8929	40.6426	39.1352	37.7487	35.7204
2400	41.2905	39.5016	37.8428	36.3306	34.8848	33.4002	31.7975	36.4669	34.8104	33.5239	32.5376	31.8255	40.3109	38.7637	37.3197	35.4906
2500	41.0844	39.2614	37.5871	36.0481	34.5402	32.9514	31.2147	36.2077	34.5755	33.3331	32.4086	31.7636	39.996	38.407	36.8998	35.2726
2600	40.8749	39.0081	37.3002	35.7129	34.1258	32.4274	30.5654	35.9296	34.2951	33.0692	32.1854	31.5966	39.6944	38.0607	36.486	35.0204
2700	40.6515	38.7236	36.9558	35.2935	33.611	31.8032	29.8323	35.6487	34.0025	32.7815	31.9257	31.3809	39.3919	37.7099	36.0666	34.751
2800	40.4201	38.4244	36.5855	34.8368	33.0524	31.1378	29.0697	35.4025	33.7654	32.5675	31.746	31.2357	39.0753	37.3395	35.6275	34.5189
2900	40.1991	38.1469	36.246	34.4146	32.5268	30.5018	28.3351	35.2069	33.6078	32.4578	31.6812	31.1969	38.7487	36.9532	35.1704	34.3538
3000	40.0006	37.9124	35.968	34.0632	32.0708	29.9279	27.6542	35.0425	33.4943	32.4017	31.6713	31.2032	38.4274	36.5687	34.7131	34.2389
3100	39.8138	37.6977	35.7151	33.7383	31.6405	29.3792	27.0003	34.8698	33.3661	32.3262	31.6383	31.1826	38.1144	36.1895	34.2592	34.1369
3200	39.6229	37.4701	35.4379	33.3813	31.1787	28.8083	26.3389	34.6558	33.1764	32.1763	31.5272	31.0872	37.8136	35.8223	33.8175	33.9939
3300	39.4179	37.2113	35.1121	32.9666	30.663	28.1987	25.6597	34.4101	32.9372	31.9634	31.3469	30.923	37.5214	35.4664	33.3912	33.7982
3400	39.199	36.9236	34.7442	32.5056	30.1076	27.5644	24.974	34.1763	32.7079	31.7542	31.1603	30.7416	37.2272	35.111	32.9717	33.5871
3500	38.9708	36.617	34.3495	32.0164	29.531	26.9213	24.2937	33.9944	32.5448	31.6129	31.0294	30.5951	36.9171	34.7394	32.5423	33.4103
3600	38.7473	36.316	33.9588	31.5306	28.9598	26.2889	23.631	33.8649	32.4494	31.542	30.957	30.4864	36.5937	34.3539	32.1039	33.2787
3700	38.5425	36.0434	33.6007	31.0759	28.4168	25.683	22.9953	33.7694	32.3968	31.5131	30.9163	30.3939	36.2651	33.9633	31.6641	33.1858
3800	38.3634	35.8113	33.2904	30.6679	27.9146	25.1124	22.3918	33.6886	32.3617	31.4989	30.8825	30.2989	35.9359	33.5721	31.2261	33.1264
3900	38.1975	35.5994	33.0046	30.2856	27.438	24.5673	21.8146	33.6012	32.3168	31.4717	30.8324	30.1851	35.6093	33.1841	30.7933	33.0805
4000	38.0303	35.3843	32.7156	29.9032	26.9671	24.0348	21.2563	33.4865	32.2373	31.4075	30.7469	30.04	35.2925	32.807	30.3727	33.0174
4100	37.8488	35.1452	32.3987	29.4976	26.484	23.5031	20.7096	33.328	32.1026	31.2866	30.6107	29.8538	34.9918	32.4477	29.9708	32.9085
4200	37.6529	34.8822	32.0539	29.0688	25.9889	22.972	20.1742	33.1367	31.9249	31.1201	30.4324	29.6329	34.707	32.1067	29.5888	32.7523
4300	37.4443	34.5998	31.688	28.6242	25.4877	22.4456	19.6521	32.941	31.7367	30.9375	30.2349	29.3927	34.4282	31.7755	29.2196	32.5716
4400	37.2238	34.301	31.3061	28.1696	24.9857	21.9273	19.1449	32.7698	31.5709	30.7691	30.0415	29.1491	34.1448	31.4446	28.8563	32.3898
4500	36.9914	33.9875	30.9118	27.7091	24.4865	21.4196	18.6536	32.6427	31.45	30.6353	29.8679	28.9129	33.8493	31.1075	28.4938	32.2243
4600	36.7495	33.6619	30.5077	27.2454	23.9917	20.9231	18.1784	32.5542	31.3677	30.5306	29.7102	28.6822	33.5417	30.7639	28.1314	32.0784
4700	36.5089	33.3371	30.1053	26.7864	23.5062	20.4402	17.7197	32.4933	31.3124	30.445	29.5619	28.4537	33.2253	30.4154	27.7694	31.953
4800	36.2815	33.0271	29.717	26.3411	23.0351	19.9732	17.2781	32.4496	31.2722	30.3683	29.4157	28.2232	32.9039	30.0644	27.4088	31.8483
4900	36.0788	32.7455	29.355	25.9183	22.5837	19.5245	16.8543	32.4142	31.2373	30.2921	29.266	27.988	32.5827	29.7144	27.0514	31.762
5000	35.9048	32.4974	29.0244	25.5217	22.154	19.0949	16.4483	32.3817	31.2022	30.2121	29.1105	27.7472	32.2673	29.3702	26.7002	31.6857
5100	35.7487	32.2709	28.7151	25.1447	21.7423	18.6824	16.0588	32.3427	31.1582	30.1223	28.9458	27.4997	31.9605	29.0342	26.3572	31.6088
5200	35.5972	32.0514	28.415	24.779	21.3439	18.2845	15.6843	32.287	31.096	30.0159	28.7681	27.244	31.6648	28.7092	26.0243	31.5203
5300	35.4377	31.8244	28.112	24.4164	20.9539	17.8985	15.3234	32.2041	31.0063	29.8863	28.5738	26.9786	31.3823	28.3974	25.7031	31.4102
5400	35.2595	31.5778	27.7954	24.0494	20.5678	17.5219	14.9744	32.0859	30.8821	29.7291	28.3605	26.7026	31.1122	28.0982	25.3935	31.2742
5500	35.0631	31.3117	27.465	23.6777	20.1852	17.1541	14.6369	31.939	30.7295	29.5484	28.1312	26.418	30.8523	27.8098	25.0939	31.1156
5600	34.8536	31.0318	27.1257	23.3043	19.8075	16.7955	14.3105	31.7762	30.5598	29.3527	27.8909	26.1276	30.5998	27.5302	24.8031	30.9403
5700	34.6364	30.7439	26.7818	22.9321	19.4362	16.4466	13.9953	31.6109	30.3845	29.1499	27.6447	25.8342	30.3523	27.2575	24.5198	30.7542
5800	34.4157	30.4527	26.4376	22.5639	19.0726	16.1077	13.6909	31.457	30.2158	28.9488	27.3977	25.5406	30.1065	26.9891	24.2423	30.564
5900	34.193	30.1603	26.0951	22.201	18.7175	15.7791	13.3971	31.3269	30.0645	28.7571	27.1548	25.2497	29.8589	26.7224	23.9689	30.3766
6000	33.9678	29.8664	25.7542	21.8435	18.3707	15.4603	13.1136	31.2201	29.9302	28.5749	26.9165	24.9618	29.6085	26.4565	23.6989	30.1942
6100	33.7386	29.5699	25.4144	21.4911	18.0319	15.151	12.8399	31.1326	29.8096	28.3999	26.6816	24.6768	29.3548	26.1909	23.4318	30.0179
6200	33.5039	29.2698	25.075	21.1435	17.7009	14.8509	12.5756	31.0605	29.6993	28.2301	26.4492	24.3943	29.0975	25.9254	23.1674	29.849
6300	33.2637	28.9662	24.7363	20.8007	17.3776	14.5597	12.3202	30.9996	29.5959	28.0633	26.2183	24.1141	28.8363	25.6595	22.9053	29.6884
6400	33.0224	28.6629	24.4007	20.4639	17.0622	14.2773	12.0736	30.9452	29.4958	27.8973	25.9879	23.8357	28.5718	25.3934	22.6454	29.5364
6500	32.7848	28.3643	24.0711	20.1344	16.7552	14.0036	11.8353	30.8948	29.397	27.7311	25.7577	23.5592	28.3058	25.128	22.388	29.3915
6600	32.5561	28.0749	23.7504	19.8138	16.4569	13.7384	11.6051	30.8467	29.2986	27.5644	25.5277	23.2849	28.0404	24.8647	22.1338	29.2515
6700	32.3415	27.7992	23.4416	19.5034	16.1681	13.4819	11.3828	30.7995	29.1994	27.3966	25.2977	23.0127	27.7781	24.6048	21.8833	29.1144
6800	32.1459	27.5416	23.1473	19.2047	15.8889	13.234	11.1682	30.7516	29.0984	27.2272	25.0678	22.7428	27.521	24.3495	21.6371	28.9779
6900	31.9688	27.3016	22.8674	18.9174	15.6193	12.9943	10.9609	30.7	28.9938	27.0555	24.8377	22.4751	27.2712	24.1001	21.3957	28.8395
7000	31.8052	27.0751	22.5993	18.6401	15.3585	12.7626	10.7606	30.6413	28.8833	26.8802	24.607	22.2096	27.0295	23.8573	21.1596	28.6968
7100	31.6498	26.8576	22.34	18.3714	15.1057	12.5382	10.567	30.5726	28.765	26.7006	24.3754	21.9462	26.796	23.6209	20.9287	28.5489
7200	31.4971	26.6443	22.0865	18.1094	14.8601	12.3207	10.3797	30.4908	28.6372	26.5159	24.1427	21.685	26.5702	23.3907	20.7028	28.3952
7300	31.3411	26.4304	21.8357	17.8526	14.6207	12.1096	10.1984	30.3931	28.4981	26.3253	23.9087	21.4258	26.3516	23.1665	20.4817	28.2354
7400	31.1763	26.2111	21.5845	17.5993	14.3868	11.9045	10.0228	30.2769	28.3461	26.128	23.6732	21.1686	26.1399	22.9479	20.2652	28.0687
7500	31.0008	25.9849	21.332	17.3489	14.158	11.705	9.85255	30.1431	28.1817	25.9243	23.4363	20.9136	25.9344	22.7346	20.0532	27.8955
7600	30.8158	25.7528	21.0788	17.1017	13.9342	11.511	9.68753	29.9958	28.0076	25.7157	23.1986	20.6608	25.7345	22.5263	19.8455	27.7167
7700	30.6226	25.5161	20.8255	16.8578	13.7154	11.3224	9.52752	29.8401	27.8269	25.5038	22.961	20.4107	25.5392	22.3225	19.6417	27.5336
7800	30.4231	25.2761	20.5731	16.6177	13.5016	11.1389	9.37234	29.6808	27.6429	25.2903	22.7242	20.1636	25.3474	22.1224	19.4417	27.3477
7900	30.2191	25.0343	20.3222	16.3815	13.2929	10.9605	9.22181	29.5228	27.4588	25.0771	22.489	19.9197	25.1581	21.9256	19.2451	27.1604
8000	30.0126	24.7923	20.0738	16.1497	13.0891	10.7871	9.07578	29.3708	27.2778	24.8658	22.2563	19.6793	24.9703	21.7314	19.0515	26.9732
8100	29.8054	24.5513	19.8285	15.9223	12.8904	10.6184	8.93408	29.229	27.1025	24.658	22.0267	19.4427	24.7831	21.5392	18.8606	26.7873
8200	29.5984	24.3121	19.5868	15.6996	12.6965	10.4544	8.79654	29.097	26.933	24.4537	21.8003	19.2099	24.5963	21.349	18.6724	26.6032
8300	29.3921	24.0749	19.3486	15.4815	12.5075	10.295	8.663	28.9733	26.7683	24.2525	21.577	18.9809	24.4099	21.1606	18.4868	26.4211
8400	29.187	23.8401	19.1142	15.2679	12.3231	10.1398	8.53332	28.8564	26.6077	24.0541	21.3567	18.7555	24.2238	20.9739	18.3036	26.2412
8500	28.983	23.6077	18.8834	15.0586	12.1432	9.98889	8.40735	28.745	26.4505	23.8583	21.1392	18.5338	24.038	20.7889	18.1229	26.0637
8600	28.7798	23.3773	18.6561	14.8537	11.9676	9.842	8.28495	28.638	26.296	23.6647	20.9245	18.3156	23.8522	20.6053	17.9444	25.8889
8700	28.5769	23.1489	18.4321	14.6528	11.7963	9.69902	8.16599	28.5342	26.1435	23.473	20.7125	18.1009	23.6663	20.4232	17.7682	25.717
8800	28.3738	22.9222	18.2114	14.456	11.6291	9.55982	8.05034	28.4325	25.9924	23.2831	20.5031	17.8897	23.4801	20.2423	17.5941	25.548
8900	28.1704	22.697	17.9938	14.263	11.4658	9.42425	7.93787	28.3324	25.8425	23.0949	20.2962	17.682	23.2938	20.0627	17.4221	25.3821
9000	27.9664	22.4732	17.7792	14.0739	11.3064	9.29219	7.82846	28.2337	25.6937	22.9082	20.0919	17.4776	23.1076	19.8844	17.2521	25.2189
9100	27.7614	22.2506	17.5676	13.8884	11.1508	9.16353	7.722	28.1365	25.546	22.7232	19.8901	17.2765	22.9219	19.7076	17.0842	25.0582
9200	27.5557	22.0294	17.3589	13.7066	10.9987	9.03816	7.61839	28.0404	25.3992	22.5398	19.6909	17.0788	22.737	19.5324	16.9185	24.8997
9300	27.3508	21.8104	17.1535	13.5285	10.8502	8.91598	7.51754	27.9452	25.2533	22.3579	19.4942	16.8842	22.5535	19.3592	16.755	24.7429
9400	27.148	21.5944	16.9517	13.3541	10.7053	8.79691	7.41934	27.8504	25.108	22.1775	19.3	16.6929	22.3717	19.1879	16.5937	24.5874
9500	26.949	21.3824	16.7539	13.1835	10.5638	8.68084	7.32372	27.7557	24.9632	21.9986	19.1082	16.5048	22.1922	19.019	16.4348	24.4329
9600	26.7552	21.1752	16.5604	13.0168	10.4256	8.56771	7.23058	27.6609	24.8187	21.8211	18.9188	16.3197	22.0155	18.8524	16.2782	24.279
9700	26.5679	20.9735	16.3715	12.854	10.2909	8.45741	7.13983	27.5655	24.6746	21.645	18.732	16.1378	21.8416	18.6883	16.1239	24.1256
9800	26.3883	20.778	16.1874	12.6951	10.1594	8.34986	7.0514	27.4696	24.5306	21.4704	18.5475	15.9589	21.6706	18.5266	15.9718	23.9727
9900	26.2177	20.5894	16.0085	12.5402	10.0311	8.24498	6.9652	27.3728	24.3868	21.297	18.3653	15.783	21.5026	18.3673	15.8221	23.8203
10000	26.0568	20.4081	15.8347	12.3892	9.90595	8.14271	6.88117	27.2748	24.243	21.125	18.1856	15.61	21.3377	18.2106	15.6745	23.6683
10100	25.9045	20.2335	15.6658	12.2419	9.78384	8.04294	6.79923	27.1751	24.0989	20.9542	18.0081	15.4398	21.1759	18.0562	15.5293	23.5167
10200	25.7591	20.0646	15.5013	12.0982	9.66466	7.94559	6.71931	27.0732	23.9544	20.7846	17.8328	15.2725	21.0171	17.9044	15.3862	23.3654
10300	25.6193	19.9004	15.3409	11.9579	9.54827	7.85058	6.64134	26.9683	23.8091	20.616	17.6597	15.108	20.8614	17.7549	15.2453	23.2143
10400	25.4834	19.7403	15.184	11.8206	9.43457	7.75783	6.56526	26.8599	23.6628	20.4483	17.4888	14.9462	20.7087	17.6078	15.1065	23.0633
10500	25.3499	19.5831	15.0303	11.6863	9.32344	7.66725	6.491	26.7475	23.5152	20.2815	17.32	14.787	20.559	17.4631	14.9699	22.9123
10600	25.2174	19.4281	14.8794	11.5548	9.21476	7.57877	6.41849	26.6307	23.3664	20.1155	17.1532	14.6304	20.4121	17.3207	14.8353	22.7614
10700	25.0842	19.2742	14.7306	11.4258	9.10843	7.49231	6.34767	26.5092	23.216	19.9503	16.9885	14.4765	20.2678	17.1804	14.7027	22.6105
10800	24.9489	19.1207	14.5837	11.2991	9.00435	7.4078	6.2785	26.3825	23.064	19.7859	16.8258	14.325	20.1262	17.0423	14.5721	22.4598
10900	24.8104	18.9668	14.4384	11.1746	8.90242	7.32517	6.21091	26.2505	22.9104	19.6222	16.665	14.176	19.987	16.9063	14.4434	22.3091
11000	24.669	18.8127	14.2946	11.0523	8.80259	7.24438	6.14487	26.1141	22.7555	19.4593	16.5062	14.0294	19.8502	16.7723	14.3166	22.1587
11100	24.5252	18.6586	14.1523	10.932	8.70481	7.16536	6.08031	25.9742	22.5997	19.2974	16.3494	13.8852	19.7155	16.6403	14.1917	22.0086
11200	24.3792	18.5047	14.0117	10.8139	8.60904	7.08807	6.01721	25.8316	22.4434	19.1366	16.1946	13.7434	19.5829	16.5101	14.0686	21.8591
11300	24.2317	18.3512	13.8729	10.6978	8.51521	7.01247	5.95551	25.6874	22.2871	18.9771	16.0419	13.6039	19.4521	16.3818	13.9472	21.7101
11400	24.0829	18.1984	13.7357	10.5838	8.42329	6.93849	5.89516	25.5423	22.1311	18.819	15.8912	13.4668	19.3231	16.2551	13.8276	21.5619
11500	23.9333	18.0463	13.6004	10.4718	8.33323	6.86609	5.83614	25.3975	21.976	18.6625	15.7425	13.3319	19.1956	16.1301	13.7096	21.4146
11600	23.7832	17.8953	13.4669	10.3618	8.24498	6.79523	5.77838	25.2538	21.822	18.5076	15.5959	13.1992	19.0694	16.0067	13.5933	21.2683
11700	23.633	17.7454	13.3352	10.2538	8.1585	6.72586	5.72187	25.1122	21.6697	18.3546	15.4515	13.0687	18.9445	15.8848	13.4786	21.1232
11800	23.483	17.5969	13.2055	10.1477	8.07376	6.65794	5.66656	24.9736	21.5195	18.2035	15.3091	12.9405	18.8207	15.7642	13.3654	20.9793
11900	23.3333	17.4499	13.0778	10.0436	7.99071	6.59144	5.61241	24.8385	21.3715	18.0544	15.1689	12.8143	18.6978	15.645	13.2538	20.8368
12000	23.184	17.3042	12.9519	9.94131	7.90931	6.52632	5.55941	24.7066	21.2256	17.9074	15.0307	12.6903	18.5757	15.5272	13.1436	20.6956
12100	23.0351	17.16	12.8279	9.8409	7.82952	6.46254	5.5075	24.5778	21.0819	17.7622	14.8945	12.5683	18.4546	15.4106	13.0349	20.5558
12200	22.8866	17.0172	12.7057	9.74229	7.7513	6.40006	5.45667	24.4518	20.9401	17.619	14.7604	12.4484	18.3342	15.2953	12.9276	20.4174
12300	22.7384	16.8757	12.5854	9.64543	7.6746	6.33884	5.40688	24.3284	20.8002	17.4776	14.6282	12.3304	18.2146	15.1813	12.8217	20.2806
12400	22.5907	16.7356	12.4667	9.55029	7.59938	6.27885	5.3581	24.2075	20.6622	17.338	14.4979	12.2144	18.0958	15.0684	12.7172	20.1451
12500	22.4434	16.5969	12.3498	9.45681	7.5256	6.22005	5.3103	24.0887	20.5259	17.2002	14.3696	12.1002	17.9776	14.9567	12.6141	20.0112
12600	22.2968	16.4596	12.2347	9.36497	7.45323	6.16241	5.26344	23.9718	20.3912	17.0642	14.2431	11.988	17.8602	14.8462	12.5122	19.8787
12700	22.1507	16.3237	12.1212	9.27472	7.38222	6.1059	5.21752	23.8566	20.2581	16.9298	14.1185	11.8775	17.7434	14.7368	12.4117	19.7477
12800	22.0055	16.1892	12.0093	9.18603	7.31254	6.05048	5.17249	23.7429	20.1264	16.7971	13.9956	11.7689	17.6273	14.6285	12.3125	19.6182
12900	21.861	16.0562	11.8991	9.09888	7.24417	5.99613	5.12833	23.6304	19.9961	16.666	13.8745	11.662	17.5119	14.5213	12.2145	19.4902
13000	21.7176	15.9246	11.7905	9.01323	7.17707	5.94283	5.08503	23.519	19.867	16.5365	13.7551	11.5568	17.3971	14.4151	12.1178	19.3636
13100	21.5752	15.7945	11.6835	8.92905	7.11121	5.89054	5.04256	23.4087	19.7392	16.4085	13.6374	11.4534	17.283	14.3101	12.0223	19.2384
13200	21.4339	15.6659	11.5782	8.84632	7.04656	5.83924	5.00089	23.2994	19.6127	16.2821	13.5214	11.3515	17.1697	14.2061	11.928	19.1146
13300	21.294	15.5389	11.4744	8.76499	6.98309	5.7889	4.96001	23.191	19.4874	16.1572	13.407	11.2513	17.0572	14.1032	11.8348	18.9922
13400	21.1554	15.4135	11.3721	8.68506	6.92078	5.73951	4.9199	23.0835	19.3634	16.0337	13.2943	11.1527	16.9454	14.0014	11.7429	18.871
13500	21.0182	15.2896	11.2714	8.60647	6.85959	5.69102	4.88052	22.9768	19.2405	15.9118	13.1831	11.0556	16.8346	13.9006	11.6521	18.7511
13600	20.8825	15.1673	11.1723	8.52922	6.7995	5.64342	4.84188	22.871	19.1188	15.7913	13.0735	10.9601	16.7246	13.8009	11.5625	18.6325
13700	20.7481	15.0466	11.0746	8.45326	6.74047	5.59669	4.80393	22.7659	18.9983	15.6722	12.9655	10.8661	16.6155	13.7023	11.474	18.515
13800	20.6151	14.9274	10.9783	8.37857	6.68248	5.5508	4.76667	22.6616	18.8788	15.5546	12.8589	10.7735	16.5074	13.6048	11.3867	18.3987
13900	20.4834	14.8096	10.8836	8.30513	6.62552	5.50574	4.73008	22.5579	18.7605	15.4384	12.7539	10.6824	16.4003	13.5084	11.3004	18.2835
14000	20.353	14.6934	10.7902	8.23291	6.56955	5.46147	4.69414	22.4548	18.6433	15.3235	12.6503	10.5927	16.2943	13.413	11.2152	18.1693
14100	20.2238	14.5787	10.6983	8.16189	6.51456	5.418	4.65884	22.3523	18.5271	15.21	12.5482	10.5043	16.1893	13.3187	11.1312	18.0561
14200	20.0958	14.4653	10.6077	8.09204	6.46053	5.37528	4.62416	22.2504	18.4119	15.0978	12.4475	10.4174	16.0854	13.2255	11.0481	17.944
14300	19.9689	14.3534	10.5185	8.02334	6.40742	5.33332	4.59008	22.1491	18.2978	14.9869	12.3481	10.3317	15.9826	13.1334	10.9662	17.8328
14400	19.843	14.2427	10.4305	7.95576	6.35522	5.29209	4.5566	22.0483	18.1847	14.8773	12.2502	10.2474	15.8809	13.0423	10.8853	17.7226
14500	19.718	14.1334	10.3439	7.88927	6.30392	5.25156	4.52369	21.9481	18.0725	14.769	12.1536	10.1644	15.7801	12.9522	10.8054	17.6134
14600	19.5938	14.0253	10.2585	7.82385	6.25347	5.21174	4.49134	21.8484	17.9614	14.6619	12.0583	10.0826	15.6805	12.8632	10.7265	17.5051
14700	19.4705	13.9184	10.1743	7.75948	6.20387	5.17258	4.45954	21.7493	17.8513	14.5562	11.9643	10.002	15.5818	12.7751	10.6486	17.3979
14800	19.3482	13.8127	10.0913	7.69612	6.1551	5.13409	4.42827	21.6507	17.7422	14.4516	11.8716	9.9227	15.4842	12.6881	10.5717	17.2915
14900	19.2269	13.7084	10.0095	7.63377	6.10713	5.09624	4.39752	21.5526	17.634	14.3482	11.7802	9.84455	15.3876	12.6021	10.4957	17.1861
15000	19.1071	13.6054	9.92891	7.57241	6.05995	5.05902	4.36728	21.4549	17.5267	14.2461	11.69	9.76757	15.292	12.517	10.4207	17.0816
15100	18.9887	13.5038	9.84952	7.51202	6.01354	5.02241	4.33754	21.3576	17.4203	14.1451	11.601	9.69172	15.1975	12.4329	10.3466	16.978
15200	18.872	13.4037	9.77133	7.45258	5.96789	4.98641	4.30828	21.2607	17.3148	14.0452	11.5132	9.617	15.1041	12.3498	10.2735	16.8754
15300	18.7571	13.3051	9.69434	7.3941	5.92298	4.95099	4.27949	21.1641	17.2102	13.9465	11.4266	9.54337	15.0117	12.2676	10.2012	16.7735
15400	18.6443	13.208	9.61854	7.33653	5.87879	4.91614	4.25117	21.0677	17.1064	13.8489	11.3412	9.47083	14.9203	12.1864	10.1299	16.6726
15500	18.5337	13.1125	9.54394	7.27989	5.83532	4.88186	4.22329	20.9717	17.0034	13.7524	11.2569	9.39934	14.83	12.1061	10.0595	16.5724
15600	18.4253	13.0187	9.47052	7.22414	5.79254	4.84812	4.19586	20.8759	16.9013	13.657	11.1737	9.32888	14.7407	12.0267	9.98987	16.4732
15700	18.3195	12.9265	9.39829	7.16928	5.75045	4.81493	4.16887	20.7804	16.8	13.5626	11.0915	9.25945	14.6524	11.9483	9.92114	16.3747
15800	18.2163	12.8361	9.32723	7.11529	5.70902	4.78226	4.14229	20.6853	16.6995	13.4693	11.0105	9.19102	14.5652	11.8707	9.85326	16.2771
15900	18.116	12.7474	9.25736	7.06215	5.66824	4.7501	4.11613	20.5904	16.5998	13.377	10.9306	9.12357	14.4789	11.794	9.78621	16.1804
16000	18.0185	12.6605	9.18866	7.00985	5.62811	4.71844	4.09037	20.4958	16.501	13.2858	10.8517	9.05709	14.3936	11.7182	9.71998	16.0845
16100	17.9238	12.5754	9.12109	6.95838	5.5886	4.68727	4.065	20.4015	16.4029	13.1956	10.7738	8.99155	14.3093	11.6433	9.65456	15.9893
16200	17.8315	12.4918	9.05461	6.9077	5.5497	4.65659	4.04002	20.3073	16.3056	13.1064	10.6969	8.92694	14.226	11.5693	9.58993	15.8951
16300	17.7415	12.4098	8.98919	6.8578	5.51139	4.62636	4.01541	20.2134	16.2091	13.0182	10.6211	8.86323	14.1436	11.496	9.52609	15.8016
16400	17.6536	12.3291	8.92479	6.80866	5.47367	4.5966	3.99117	20.1196	16.1133	12.9309	10.5462	8.80042	14.0621	11.4236	9.46301	15.7089
16500	17.5674	12.2499	8.86138	6.76026	5.43651	4.56728	3.96729	20.0259	16.0182	12.8446	10.4722	8.73848	13.9815	11.352	9.40069	15.6169
16600	17.4829	12.1718	8.79892	6.71259	5.39992	4.5384	3.94376	19.9322	15.9238	12.7593	10.3993	8.67741	13.9019	11.2812	9.33913	15.5258
16700	17.3997	12.095	8.73738	6.66562	5.36387	4.50995	3.92057	19.8386	15.8301	12.6748	10.3272	8.61718	13.8231	11.2112	9.27829	15.4355
16800	17.3177	12.0192	8.67671	6.61935	5.32836	4.48192	3.89773	19.7449	15.7371	12.5913	10.2561	8.55777	13.7452	11.142	9.21819	15.3459
16900	17.2366	11.9444	8.61689	6.57374	5.29337	4.45431	3.87521	19.6512	15.6447	12.5087	10.1858	8.49919	13.6682	11.0736	9.1588	15.2571
17000	17.1561	11.8704	8.55788	6.52879	5.25889	4.42709	3.85302	19.5574	15.553	12.4269	10.1165	8.4414	13.592	11.0059	9.10011	15.169
17100	17.0761	11.7973	8.49964	6.48448	5.22491	4.40027	3.83114	19.4635	15.4619	12.346	10.048	8.3844	13.5166	10.9389	9.04211	15.0816
17200	16.9964	11.7248	8.44214	6.44079	5.19143	4.37384	3.80958	19.3695	15.3713	12.266	9.98037	8.32818	13.4421	10.8727	8.9848	14.9951
17300	16.9167	11.653	8.38534	6.3977	5.15842	4.34778	3.78832	19.2753	15.2814	12.1868	9.91359	8.27271	13.3683	10.8072	8.92816	14.9092
17400	16.8367	11.5816	8.3292	6.35519	5.12588	4.3221	3.76735	19.1808	15.1921	12.1084	9.84764	8.21799	13.2953	10.7425	8.87218	14.8241
17500	16.7565	11.5108	8.27371	6.31326	5.09379	4.29677	3.74668	19.0863	15.1034	12.0309	9.7825	8.164	13.2231	10.6784	8.81685	14.7397
17600	16.6762	11.4404	8.21886	6.27188	5.06216	4.2718	3.72629	18.9917	15.0153	11.9542	9.71817	8.11072	13.1516	10.6151	8.76216	14.656
17700	16.5956	11.3706	8.16465	6.23106	5.03096	4.24718	3.70618	18.8971	14.9278	11.8782	9.65463	8.05816	13.0808	10.5524	8.70811	14.573
17800	16.515	11.3013	8.11106	6.19078	5.00019	4.22289	3.68634	18.8026	14.8409	11.8031	9.59187	8.00628	13.0108	10.4903	8.65468	14.4907
17900	16.4344	11.2325	8.05809	6.15104	4.96985	4.19894	3.66677	18.7083	14.7547	11.7288	9.52988	7.95509	12.9414	10.429	8.60186	14.4092
18000	16.3537	11.1642	8.00574	6.11182	4.93992	4.17531	3.64746	18.6142	14.6692	11.6553	9.46864	7.90456	12.8728	10.3682	8.54964	14.3284
18100	16.2731	11.0965	7.954	6.07311	4.91039	4.15201	3.62841	18.5205	14.5843	11.5825	9.40815	7.8547	12.8047	10.3081	8.49801	14.2483
18200	16.1926	11.0293	7.90286	6.03492	4.88127	4.12902	3.60961	18.4272	14.5002	11.5106	9.3484	7.80548	12.7373	10.2487	8.44697	14.1689
18300	16.1123	10.9627	7.85231	5.99722	4.85254	4.10633	3.59105	18.3344	14.4168	11.4393	9.28937	7.75689	12.6706	10.1898	8.39651	14.0901
18400	16.0321	10.8966	7.80236	5.96002	4.8242	4.08395	3.57274	18.2422	14.334	11.3689	9.23106	7.70894	12.6044	10.1316	8.34661	14.0122
18500	15.9522	10.8311	7.753	5.9233	4.79623	4.06187	3.55467	18.1506	14.2521	11.2993	9.17345	7.66159	12.5389	10.0739	8.29728	13.9349
18600	15.8725	10.7662	7.70421	5.88706	4.76864	4.04008	3.53683	18.0598	14.1709	11.2303	9.11653	7.61486	12.4739	10.0169	8.24849	13.8583
18700	15.7932	10.7019	7.65601	5.85128	4.74141	4.01858	3.51923	17.9697	14.0905	11.1622	9.06031	7.56872	12.4095	9.9604	8.20025	13.7823
18800	15.7142	10.6382	7.60837	5.81597	4.71454	3.99735	3.50184	17.8806	14.0108	11.0948	9.00475	7.52316	12.3456	9.90449	8.15254	13.7071
18900	15.6357	10.5751	7.56129	5.78111	4.68802	3.9764	3.48468	17.7925	13.932	11.0281	8.94987	7.47818	12.2823	9.84913	8.10536	13.6326
19000	15.5576	10.5126	7.51477	5.74669	4.66185	3.95572	3.46773	17.7053	13.854	10.9622	8.89564	7.43376	12.2195	9.79433	8.0587	13.5588
19100	15.48	10.4507	7.4688	5.71271	4.63601	3.93531	3.451	17.6192	13.7768	10.897	8.84205	7.3899	12.1572	9.74007	8.01254	13.4856
19200	15.4028	10.3894	7.42337	5.67916	4.6105	3.91515	3.43447	17.5341	13.7004	10.8325	8.7891	7.34659	12.0954	9.68634	7.9669	13.4131
19300	15.326	10.3287	7.37846	5.64603	4.58532	3.89524	3.41815	17.45	13.6248	10.7687	8.73677	7.30381	12.0341	9.63314	7.92174	13.3413
19400	15.2497	10.2686	7.33408	5.61331	4.56045	3.87559	3.40203	17.3667	13.5499	10.7056	8.68506	7.26156	11.9733	9.58046	7.87708	13.2701
19500	15.1738	10.209	7.29021	5.581	4.5359	3.85618	3.3861	17.2844	13.4758	10.6432	8.63396	7.21983	11.913	9.52829	7.8329	13.1996
19600	15.0984	10.15	7.24684	5.54908	4.51166	3.83701	3.37036	17.2031	13.4025	10.5815	8.58345	7.1786	11.8532	9.47663	7.78919	13.1297
19700	15.0234	10.0916	7.20397	5.51757	4.48772	3.81808	3.35482	17.1225	13.3299	10.5205	8.53353	7.13788	11.7938	9.42546	7.74595	13.0604
19800	14.9489	10.0337	7.1616	5.48643	4.46408	3.79938	3.33946	17.0429	13.258	10.4601	8.48418	7.09766	11.7349	9.37479	7.70317	12.9919
19900	14.8748	9.97635	7.11971	5.45568	4.44073	3.78091	3.32428	16.964	13.1869	10.4003	8.43541	7.05792	11.6765	9.3246	7.66085	12.9239
20000	14.8011	9.91956	7.07829	5.4253	4.41766	3.76266	3.30929	16.886	13.1164	10.3412	8.3872	7.01865	11.6185	9.27489	7.61897	12.8566
20100	14.7279	9.8633	7.03735	5.39529	4.39488	3.74463	3.29447	16.8087	13.0466	10.2827	8.33955	6.97986	11.561	9.22566	7.57754	12.7898
20200	14.6552	9.80756	6.99686	5.36565	4.37238	3.72682	3.27982	16.7323	12.9775	10.2249	8.29243	6.94153	11.5038	9.17689	7.53655	12.7237
20300	14.5829	9.75235	6.95683	5.33635	4.35015	3.70922	3.26534	16.6565	12.9091	10.1676	8.24586	6.90366	11.4472	9.12858	7.49598	12.6582
20400	14.511	9.69766	6.91725	5.30741	4.32819	3.69183	3.25104	16.5814	12.8414	10.111	8.19981	6.86623	11.3909	9.08072	7.45584	12.5933
20500	14.4396	9.64348	6.87811	5.27881	4.30649	3.67465	3.23689	16.507	12.7742	10.0549	8.15429	6.82925	11.3351	9.03332	7.41612	12.529
20600	14.3686	9.5898	6.83941	5.25055	4.28505	3.65766	3.22291	16.4333	12.7078	9.99949	8.10927	6.7927	11.2797	8.98636	7.37681	12.4652
20700	14.2981	9.53661	6.80112	5.22262	4.26386	3.64088	3.20909	16.3602	12.6419	9.94461	8.06476	6.75657	11.2247	8.93984	7.33791	12.4021
20800	14.228	9.48392	6.76326	5.19501	4.24292	3.62429	3.19542	16.2878	12.5766	9.89029	8.02075	6.72087	11.1702	8.89375	7.2994	12.3395
20900	14.1584	9.43172	6.72581	5.16773	4.22223	3.60789	3.1819	16.2159	12.512	9.83654	7.97723	6.68557	11.116	8.84809	7.2613	12.2775
21000	14.0892	9.38	6.68877	5.14076	4.20177	3.59167	3.16854	16.1447	12.4479	9.78333	7.93418	6.65069	11.0623	8.80285	7.22358	12.216
21100	14.0205	9.32877	6.65214	5.1141	4.18156	3.57564	3.15532	16.074	12.3845	9.73068	7.89161	6.6162	11.0089	8.75803	7.18625	12.1551
21200	13.9522	9.278	6.61589	5.08774	4.16157	3.55979	3.14225	16.004	12.3216	9.67856	7.84951	6.58211	10.956	8.71362	7.1493	12.0948
21300	13.8845	9.22771	6.58004	5.06169	4.14182	3.54412	3.12932	15.9345	12.2593	9.62698	7.80787	6.5484	10.9034	8.66962	7.11272	12.035
21400	13.8171	9.17788	6.54458	5.03593	4.12228	3.52863	3.11653	15.8657	12.1976	9.57592	7.76668	6.51507	10.8513	8.62603	7.07652	11.9757
21500	13.7502	9.12852	6.5095	5.01046	4.10297	3.5133	3.10388	15.7974	12.1364	9.52538	7.72595	6.48212	10.7995	8.58283	7.04067	11.9169
21600	13.6838	9.07962	6.47479	4.98528	4.08388	3.49815	3.09136	15.7296	12.0758	9.47535	7.68565	6.44954	10.7482	8.54003	7.00519	11.8587
21700	13.6179	9.03117	6.44046	4.96038	4.06501	3.48316	3.07898	15.6624	12.0158	9.42583	7.64579	6.41732	10.6973	8.49762	6.97007	11.801
21800	13.5524	8.98317	6.40649	4.93576	4.04634	3.46834	3.06673	15.5958	11.9563	9.37681	7.60636	6.38546	10.6467	8.4556	6.93529	11.7438
21900	13.4873	8.93562	6.37288	4.91142	4.02788	3.45368	3.05461	15.5297	11.8973	9.32828	7.56735	6.35396	10.5965	8.41396	6.90087	11.687
22000	13.4228	8.88852	6.33963	4.88735	4.00963	3.43918	3.04262	15.4641	11.8389	9.28024	7.52876	6.32281	10.5467	8.37271	6.86678	11.6308
22100	13.3587	8.84186	6.30674	4.86354	3.99158	3.42483	3.03075	15.3991	11.781	9.23268	7.49058	6.29199	10.4974	8.33182	6.83303	11.5751
22200	13.295	8.79564	6.27419	4.83999	3.97372	3.41064	3.01901	15.3345	11.7236	9.18559	7.45281	6.26152	10.4484	8.29131	6.79962	11.5198
22300	13.2318	8.74985	6.24198	4.81671	3.95607	3.3966	3.00739	15.2704	11.6667	9.13897	7.41544	6.23138	10.3998	8.25117	6.76654	11.465
22400	13.1691	8.70449	6.21012	4.79367	3.9386	3.38271	2.99589	15.2068	11.6104	9.09281	7.37845	6.20156	10.3515	8.21139	6.73378	11.4107
22500	13.1069	8.65955	6.17859	4.77089	3.92132	3.36897	2.9845	15.1437	11.5545	9.0471	7.34186	6.17207	10.3037	8.17198	6.70134	11.3568
22600	13.0451	8.61504	6.14738	4.74835	3.90423	3.35537	2.97324	15.0811	11.4991	9.00184	7.30565	6.1429	10.2563	8.13292	6.66922	11.3034
22700	12.9838	8.57095	6.1165	4.72605	3.88732	3.34191	2.96208	15.0189	11.4442	8.95702	7.26982	6.11404	10.2092	8.09421	6.63741	11.2505
22800	12.923	8.52726	6.08594	4.70399	3.87059	3.32859	2.95104	14.9572	11.3898	8.91264	7.23436	6.08549	10.1625	8.05585	6.60591	11.198
22900	12.8626	8.48398	6.05569	4.68217	3.85404	3.31541	2.94011	14.8959	11.3358	8.86868	7.19926	6.05723	10.1162	8.01783	6.57472	11.1459
23000	12.8026	8.4411	6.02576	4.66058	3.83766	3.30236	2.92928	14.8351	11.2823	8.82515	7.16453	6.02928	10.0703	7.98016	6.54382	11.0943
23100	12.7431	8.39861	5.99613	4.63921	3.82145	3.28945	2.91857	14.7747	11.2293	8.78204	7.13014	6.00162	10.0247	7.94282	6.51322	11.0431
23200	12.6841	8.35652	5.9668	4.61807	3.8054	3.27667	2.90795	14.7148	11.1767	8.73935	7.09611	5.97426	9.97952	7.90581	6.48291	10.9923
23300	12.6255	8.31482	5.93776	4.59715	3.78953	3.26402	2.89744	14.6553	11.1246	8.69706	7.06243	5.94717	9.93467	7.86913	6.45289	10.9419
23400	12.5673	8.2735	5.90903	4.57644	3.77382	3.25149	2.88704	14.5962	11.0729	8.65518	7.02909	5.92037	9.89018	7.83278	6.42316	10.892
23500	12.5096	8.23257	5.88058	4.55595	3.75827	3.23909	2.87673	14.5375	11.0217	8.61369	6.99608	5.89385	9.84605	7.79675	6.39371	10.8425
23600	12.4523	8.19201	5.85242	4.53568	3.74288	3.22681	2.86653	14.4793	10.9709	8.57261	6.96341	5.8676	9.80227	7.76103	6.36454	10.7934
23700	12.3955	8.15183	5.82455	4.51561	3.72765	3.21465	2.85642	14.4214	10.9206	8.53191	6.93107	5.84162	9.75883	7.72563	6.33564	10.7446
23800	12.3392	8.11202	5.79695	4.49575	3.71257	3.20262	2.84641	14.3639	10.8706	8.4916	6.89905	5.81591	9.71575	7.69055	6.30702	10.6963
23900	12.2832	8.07258	5.76963	4.47609	3.69765	3.1907	2.83649	14.3068	10.8211	8.45166	6.86735	5.79046	9.67301	7.65576	6.27866	10.6484
24000	12.2278	8.0335	5.74259	4.45663	3.68287	3.1789	2.82667	14.2501	10.772	8.4121	6.83596	5.76527	9.6306	7.62129	6.25057	10.6009
24100	12.1728	7.99479	5.71581	4.43737	3.66824	3.16721	2.81693	14.1938	10.7233	8.37291	6.80489	5.74034	9.58854	7.58711	6.22274	10.5537
24200	12.1182	7.95643	5.6893	4.41831	3.65376	3.15564	2.80729	14.1379	10.675	8.33409	6.77412	5.71565	9.54682	7.55324	6.19516	10.507
24300	12.0641	7.91844	5.66305	4.39943	3.63942	3.14418	2.79774	14.0823	10.6271	8.29562	6.74365	5.69122	9.50543	7.51966	6.16785	10.4606
24400	12.0104	7.88079	5.63705	4.38075	3.62522	3.13283	2.78828	14.027	10.5796	8.25751	6.71349	5.66703	9.46437	7.48637	6.14078	10.4146
24500	11.9572	7.84349	5.61132	4.36225	3.61117	3.12158	2.77891	13.9721	10.5325	8.21976	6.68361	5.64308	9.42364	7.45336	6.11397	10.3689
24600	11.9045	7.80654	5.58583	4.34393	3.59724	3.11045	2.76962	13.9175	10.4857	8.18234	6.65403	5.61937	9.38323	7.42065	6.0874	10.3236
24700	11.8522	7.76993	5.5606	4.32579	3.58346	3.09941	2.76041	13.8633	10.4394	8.14527	6.62473	5.59589	9.34315	7.38821	6.06107	10.2787
24800	11.8003	7.73365	5.5356	4.30783	3.5698	3.08848	2.75129	13.8094	10.3934	8.10854	6.59572	5.57264	9.30339	7.35606	6.03498	10.2342
24900	11.749	7.69771	5.51085	4.29005	3.55628	3.07766	2.74225	13.7559	10.3478	8.07214	6.56698	5.54962	9.26394	7.32418	6.00913	10.19
25000	11.698	7.66211	5.48634	4.27244	3.54289	3.06693	2.73329	13.7026	10.3026	8.03607	6.53852	5.52683	9.22481	7.29257	5.98351	10.1461
25100	11.6475	7.62683	5.46206	4.255	3.52962	3.0563	2.72441	13.6497	10.2577	8.00033	6.51033	5.50425	9.18599	7.26123	5.95812	10.1026
25200	11.5974	7.59187	5.43801	4.23773	3.51648	3.04577	2.71561	13.5971	10.2131	7.9649	6.4824	5.4819	9.14747	7.23015	5.93297	10.0594
25300	11.5478	7.55723	5.4142	4.22062	3.50346	3.03533	2.70688	13.5449	10.169	7.9298	6.45474	5.45976	9.10926	7.19934	5.90803	10.0166
25400	11.4985	7.5229	5.39061	4.20368	3.49057	3.02499	2.69823	13.493	10.1251	7.895	6.42734	5.43783	9.07135	7.16879	5.88332	9.97413
25500	11.4497	7.48889	5.36724	4.18689	3.47779	3.01474	2.68966	13.4413	10.0817	7.86052	6.4002	5.41611	9.03374	7.1385	5.85883	9.93197
25600	11.4013	7.45518	5.34409	4.17027	3.46514	3.00459	2.68116	13.39	10.0386	7.82635	6.37331	5.39459	8.99642	7.10846	5.83455	9.89015
25700	11.3533	7.42177	5.32116	4.15381	3.4526	2.99452	2.67273	13.3391	9.99578	7.79248	6.34667	5.37329	8.9594	7.07868	5.81049	9.84866
25800	11.3056	7.38866	5.29845	4.1375	3.44018	2.98455	2.66438	13.2884	9.95334	7.75891	6.32029	5.35218	8.92266	7.04915	5.78665	9.80748
25900	11.2584	7.35584	5.27595	4.12134	3.42787	2.97466	2.6561	13.238	9.91123	7.72564	6.29414	5.33127	8.88621	7.01986	5.76301	9.76663
26000	11.2115	7.32332	5.25365	4.10534	3.41567	2.96486	2.64789	13.188	9.86946	7.69266	6.26824	5.31056	8.85005	6.99081	5.73958	9.7261
26100	11.165	7.29107	5.23157	4.08948	3.40359	2.95515	2.63975	13.1382	9.82801	7.65997	6.24258	5.29004	8.81416	6.96201	5.71635	9.68587
26200	11.1188	7.25912	5.20968	4.07377	3.39161	2.94552	2.63167	13.0888	9.78689	7.62757	6.21715	5.26972	8.77856	6.93344	5.69333	9.64596
26300	11.073	7.22743	5.188	4.05821	3.37975	2.93598	2.62367	13.0397	9.74609	7.59545	6.19196	5.24958	8.74322	6.90511	5.67051	9.60636
26400	11.0276	7.19603	5.16652	4.04279	3.36799	2.92652	2.61573	12.9908	9.7056	7.56361	6.16699	5.22963	8.70817	6.87702	5.64788	9.56706
26500	10.9825	7.16489	5.14523	4.0275	3.35633	2.91714	2.60785	12.9423	9.66544	7.53205	6.14226	5.20986	8.67338	6.84915	5.62545	9.52807
26600	10.9377	7.13402	5.12414	4.01236	3.34478	2.90784	2.60005	12.894	9.62558	7.50075	6.11774	5.19027	8.63886	6.82152	5.60322	9.48938
26700	10.8932	7.10342	5.10323	3.99736	3.33333	2.89863	2.5923	12.846	9.58602	7.46973	6.09345	5.17087	8.6046	6.79411	5.58117	9.45097
26800	10.8491	7.07307	5.08252	3.98249	3.32198	2.88949	2.58462	12.7983	9.54678	7.43898	6.06938	5.15163	8.57061	6.76692	5.55931	9.41287
26900	10.8052	7.04298	5.06198	3.96776	3.31074	2.88042	2.57701	12.7509	9.50783	7.40848	6.04552	5.13258	8.53687	6.73995	5.53764	9.37505
27000	10.7617	7.01314	5.04164	3.95315	3.29958	2.87143	2.56945	12.7038	9.46917	7.37825	6.02187	5.11369	8.50339	6.71321	5.51616	9.33752
27100	10.7185	6.98354	5.02147	3.93868	3.28853	2.86252	2.56195	12.657	9.43082	7.34827	5.99843	5.09497	8.47016	6.68667	5.49485	9.30027
27200	10.6755	6.95419	5.00148	3.92433	3.27757	2.85369	2.55452	12.6104	9.39275	7.31854	5.9752	5.07643	8.43719	6.66035	5.47372	9.26331
27300	10.6329	6.92508	4.98166	3.91011	3.2667	2.84492	2.54714	12.5642	9.35497	7.28907	5.95218	5.05804	8.40446	6.63424	5.45277	9.22662
27400	10.5905	6.89621	4.96202	3.89602	3.25593	2.83623	2.53982	12.5182	9.31748	7.25984	5.92935	5.03982	8.37198	6.60834	5.432	9.19021
27500	10.5485	6.86758	4.94255	3.88205	3.24525	2.82761	2.53256	12.4724	9.28027	7.23086	5.90672	5.02176	8.33974	6.58265	5.41139	9.15408
27600	10.5067	6.83919	4.92325	3.8682	3.23466	2.81906	2.52536	12.427	9.24335	7.20212	5.8843	5.00385	8.30774	6.55716	5.39096	9.11821
27700	10.4653	6.81104	4.90412	3.85447	3.22416	2.81058	2.51821	12.3818	9.2067	7.17362	5.86206	4.98611	8.27599	6.53187	5.3707	9.08261
27800	10.4242	6.78313	4.88515	3.84086	3.21375	2.80216	2.51112	12.3369	9.17032	7.14536	5.84002	4.96852	8.24446	6.50679	5.35061	9.04728
27900	10.3834	6.75545	4.86635	3.82737	3.20343	2.79382	2.50408	12.2923	9.13423	7.11733	5.81817	4.95108	8.21318	6.4819	5.33068	9.01221
28000	10.343	6.72801	4.84771	3.81399	3.19319	2.78554	2.4971	12.2479	9.0984	7.08953	5.79651	4.93379	8.18212	6.45721	5.31092	8.9774
28100	10.3029	6.70081	4.82924	3.80073	3.18304	2.77733	2.49017	12.2038	9.06284	7.06197	5.77504	4.91666	8.1513	6.43271	5.29132	8.94285
28200	10.2632	6.67384	4.81093	3.78758	3.17297	2.76918	2.48329	12.1599	9.02754	7.03463	5.75375	4.89967	8.1207	6.4084	5.27188	8.90855
28300	10.2238	6.64711	4.79277	3.77454	3.16298	2.7611	2.47647	12.1163	8.99251	7.00752	5.73264	4.88283	8.09033	6.38429	5.2526	8.87451
28400	10.1848	6.62061	4.77477	3.76162	3.15308	2.75309	2.46969	12.073	8.95774	6.98063	5.71171	4.86613	8.06019	6.36036	5.23347	8.84072
28500	10.1462	6.59434	4.75693	3.7488	3.14326	2.74513	2.46297	12.0299	8.92322	6.95395	5.69096	4.84957	8.03026	6.33662	5.2145	8.80718
28600	10.1079	6.56831	4.73924	3.7361	3.13352	2.73724	2.4563	11.9871	8.88897	6.9275	5.67038	4.83316	8.00056	6.31306	5.19568	8.77389
28700	10.07	6.5425	4.7217	3.7235	3.12386	2.72941	2.44968	11.9445	8.85496	6.90126	5.64998	4.81688	7.97107	6.28969	5.17702	8.74084
28800	10.0325	6.51694	4.70432	3.711	3.11427	2.72164	2.44311	11.9022	8.82121	6.87524	5.62974	4.80074	7.94179	6.26649	5.1585	8.70804
28900	9.99545	6.4916	4.68708	3.69861	3.10477	2.71394	2.43659	11.8602	8.7877	6.84942	5.60968	4.78474	7.91273	6.24348	5.14014	8.67547
29000	9.95877	6.46649	4.66999	3.68632	3.09534	2.70629	2.43011	11.8183	8.75443	6.82381	5.58979	4.76887	7.88388	6.22064	5.12192	8.64314
29100	9.9225	6.44161	4.65305	3.67414	3.08598	2.6987	2.42369	11.7767	8.72141	6.79841	5.57006	4.75313	7.85524	6.19798	5.10384	8.61105
29200	9.88665	6.41697	4.63625	3.66205	3.0767	2.69116	2.41731	11.7354	8.68863	6.77321	5.55049	4.73752	7.8268	6.17549	5.08591	8.57919
29300	9.85123	6.39255	4.61959	3.65007	3.06749	2.68369	2.41097	11.6943	8.65609	6.74821	5.53108	4.72204	7.79857	6.15317	5.06812	8.54756
29400	9.81623	6.36836	4.60308	3.63818	3.05836	2.67627	2.40469	11.6534	8.62378	6.72341	5.51184	4.70669	7.77054	6.13101	5.05047	8.51615
29500	9.78168	6.3444	4.58671	3.62638	3.04929	2.66891	2.39844	11.6128	8.5917	6.69881	5.49275	4.69147	7.74271	6.10903	5.03296	8.48498
29600	9.74757	6.32066	4.57047	3.61469	3.0403	2.6616	2.39225	11.5724	8.55986	6.67439	5.47381	4.67637	7.71508	6.08721	5.01558	8.45403
29700	9.7139	6.29716	4.55438	3.60309	3.03138	2.65434	2.38609	11.5323	8.52824	6.65017	5.45503	4.66139	7.68764	6.06556	4.99834	8.4233
29800	9.68065	6.27387	4.53842	3.59158	3.02252	2.64714	2.37998	11.4923	8.49685	6.62615	5.4364	4.64653	7.66041	6.04406	4.98123	8.39279
29900	9.64781	6.2508	4.52259	3.58016	3.01374	2.63999	2.37392	11.4526	8.46568	6.6023	5.41792	4.6318	7.63336	6.02273	4.96426	8.3625
30000	9.61538	6.22794	4.5069	3.56884	3.00502	2.6329	2.36789	11.4131	8.43473	6.57865	5.39959	4.61718	7.60651	6.00156	4.94742	8.33243
30100	9.58332	6.20529	4.49133	3.5576	2.99637	2.62586	2.36191	11.3739	8.40401	6.55517	5.38141	4.60267	7.57984	5.98054	4.9307	8.30256
30200	9.55163	6.18285	4.47589	3.54645	2.98778	2.61886	2.35597	11.3348	8.3735	6.53188	5.36337	4.58829	7.55336	5.95969	4.91412	8.27291
30300	9.5203	6.16061	4.46059	3.5354	2.97926	2.61192	2.35007	11.296	8.3432	6.50877	5.34548	4.57402	7.52707	5.93898	4.89766	8.24348
30400	9.48931	6.13856	4.4454	3.52443	2.97081	2.60503	2.34421	11.2574	8.31313	6.48584	5.32772	4.55986	7.50096	5.91843	4.88133	8.21425
30500	9.45864	6.1167	4.43034	3.51354	2.96241	2.59819	2.33839	11.219	8.28326	6.46309	5.31011	4.54581	7.47504	5.89803	4.86512	8.18522
30600	9.42829	6.09503	4.4154	3.50274	2.95409	2.5914	2.33261	11.1808	8.2536	6.44051	5.29264	4.53188	7.4493	5.87778	4.84904	8.1564
30700	9.39823	6.07354	4.40058	3.49203	2.94582	2.58466	2.32687	11.1429	8.22415	6.4181	5.27531	4.51805	7.42373	5.85768	4.83308	8.12778
30800	9.36845	6.05224	4.38589	3.48139	2.93761	2.57796	2.32118	11.1051	8.19491	6.39587	5.25811	4.50433	7.39834	5.83772	4.81724	8.09937
30900	9.33895	6.03111	4.3713	3.47084	2.92947	2.57131	2.31551	11.0675	8.16586	6.3738	5.24104	4.49072	7.37313	5.81791	4.80151	8.07115
31000	9.3097	6.01015	4.35684	3.46037	2.92138	2.56472	2.30989	11.0302	8.13702	6.3519	5.22411	4.47722	7.34809	5.79825	4.78591	8.04313
31100	9.2807	5.98936	4.34248	3.44999	2.91336	2.55816	2.30431	10.993	8.10838	6.33017	5.20732	4.46382	7.32322	5.77872	4.77042	8.0153
31200	9.25192	5.96873	4.32824	3.43968	2.90539	2.55165	2.29876	10.956	8.07994	6.3086	5.19065	4.45052	7.29853	5.75934	4.75505	7.98767
31300	9.22336	5.94826	4.31411	3.42945	2.89749	2.54519	2.29325	10.9192	8.05169	6.2872	5.17411	4.43733	7.274	5.7401	4.73979	7.96023
31400	9.195	5.92795	4.30009	3.41929	2.88964	2.53877	2.28777	10.8826	8.02363	6.26595	5.1577	4.42423	7.24963	5.721	4.72465	7.93298
31500	9.16682	5.90779	4.28618	3.40921	2.88184	2.5324	2.28234	10.8462	7.99577	6.24486	5.14141	4.41124	7.22544	5.70203	4.70962	7.90592
31600	9.13882	5.88778	4.27237	3.39921	2.87411	2.52607	2.27693	10.81	7.96809	6.22394	5.12525	4.39835	7.2014	5.6832	4.6947	7.87905
31700	9.11097	5.86791	4.25867	3.38928	2.86642	2.51978	2.27157	10.7739	7.9406	6.20316	5.10921	4.38555	7.17753	5.6645	4.67988	7.85236
31800	9.08328	5.84818	4.24507	3.37943	2.8588	2.51354	2.26623	10.7381	7.91329	6.18254	5.09329	4.37285	7.15382	5.64594	4.66518	7.82585
31900	9.05571	5.82859	4.23157	3.36965	2.85122	2.50734	2.26094	10.7024	7.88617	6.16207	5.07749	4.36025	7.13026	5.6275	4.65058	7.79952
32000	9.02826	5.80912	4.21817	3.35994	2.8437	2.50118	2.25568	10.6669	7.85923	6.14175	5.06182	4.34774	7.10686	5.6092	4.63609	7.77337
32100	9.00092	5.78979	4.20486	3.3503	2.83624	2.49506	2.25045	10.6315	7.83247	6.12158	5.04625	4.33532	7.08362	5.59102	4.62171	7.7474
32200	8.97366	5.77058	4.19166	3.34073	2.82882	2.48898	2.24525	10.5963	7.80588	6.10156	5.03081	4.323	7.06053	5.57297	4.60743	7.72161
32300	8.94649	5.7515	4.17855	3.33123	2.82146	2.48295	2.24009	10.5613	7.77947	6.08168	5.01548	4.31076	7.0376	5.55505	4.59325	7.69599
32400	8.91939	5.73253	4.16554	3.3218	2.81415	2.47695	2.23496	10.5265	7.75323	6.06195	5.00026	4.29862	7.01481	5.53725	4.57917	7.67054
32500	8.89237	5.71368	4.15261	3.31244	2.80689	2.47099	2.22986	10.4918	7.72717	6.04235	4.98516	4.28657	6.99217	5.51958	4.56519	7.64526
32600	8.86543	5.69495	4.13978	3.30314	2.79968	2.46508	2.22479	10.4573	7.70128	6.0229	4.97016	4.2746	6.96968	5.50203	4.55132	7.62016
32700	8.83858	5.67633	4.12705	3.29391	2.79252	2.4592	2.21976	10.423	7.67555	6.00359	4.95528	4.26272	6.94734	5.4846	4.53754	7.59522
32800	8.8118	5.65784	4.1144	3.28475	2.7854	2.45336	2.21476	10.3888	7.65	5.98442	4.94051	4.25093	6.92514	5.46729	4.52386	7.57045
32900	8.78511	5.63945	4.10184	3.27565	2.77834	2.44755	2.20979	10.3548	7.62462	5.96539	4.92584	4.23922	6.90309	5.4501	4.51027	7.54584
33000	8.75851	5.62119	4.08938	3.26661	2.77133	2.44179	2.20485	10.321	7.5994	5.94649	4.91129	4.2276	6.88118	5.43302	4.49678	7.5214
33100	8.73199	5.60303	4.077	3.25764	2.76436	2.43606	2.19993	10.2873	7.57435	5.92773	4.89683	4.21606	6.85941	5.41607	4.48339	7.49712
33200	8.70557	5.585	4.0647	3.24873	2.75744	2.43037	2.19505	10.2538	7.54946	5.9091	4.88249	4.2046	6.83779	5.39923	4.47009	7.473
33300	8.67923	5.56707	4.0525	3.23989	2.75056	2.42472	2.1902	10.2205	7.52474	5.8906	4.86824	4.19323	6.8163	5.3825	4.45689	7.44904
33400	8.65298	5.54925	4.04038	3.2311	2.74374	2.4191	2.18538	10.1874	7.50018	5.87223	4.8541	4.18194	6.79495	5.36589	4.44377	7.42524
33500	8.62683	5.53155	4.02834	3.22238	2.73695	2.41352	2.18059	10.1545	7.47578	5.854	4.84006	4.17072	6.77373	5.34939	4.43075	7.4016
33600	8.60077	5.51396	4.01639	3.21372	2.73022	2.40797	2.17583	10.1217	7.45154	5.83589	4.82612	4.15959	6.75265	5.333	4.41782	7.37812
33700	8.57481	5.49648	4.00453	3.20512	2.72352	2.40246	2.1711	10.0891	7.42746	5.81791	4.81229	4.14854	6.7317	5.31673	4.40498	7.35478
33800	8.54895	5.47911	3.99274	3.19658	2.71688	2.39698	2.16639	10.0567	7.40355	5.80006	4.79855	4.13756	6.71089	5.30056	4.39222	7.33161
33900	8.52318	5.46185	3.98104	3.18809	2.71027	2.39154	2.16171	10.0245	7.37978	5.78233	4.7849	4.12666	6.69021	5.2845	4.37956	7.30858
34000	8.49752	5.44469	3.96942	3.17967	2.70371	2.38613	2.15706	9.99248	7.35618	5.76473	4.77136	4.11584	6.66965	5.26855	4.36698	7.28571
34100	8.47196	5.42765	3.95787	3.1713	2.69719	2.38076	2.15244	9.96063	7.33273	5.74725	4.75791	4.10509	6.64923	5.25271	4.35449	7.26298
34200	8.4465	5.41071	3.94641	3.16299	2.69072	2.37542	2.14785	9.92897	7.30944	5.72989	4.74455	4.09442	6.62893	5.23697	4.34208	7.2404
34300	8.42115	5.39387	3.93503	3.15473	2.68429	2.37011	2.14328	9.89749	7.28629	5.71265	4.73129	4.08382	6.60876	5.22133	4.32975	7.21797
34400	8.39591	5.37715	3.92372	3.14653	2.6779	2.36484	2.13874	9.86621	7.2633	5.69554	4.71812	4.07329	6.58872	5.2058	4.31752	7.19569
34500	8.37078	5.36053	3.91249	3.13839	2.67155	2.35959	2.13423	9.83511	7.24047	5.67854	4.70505	4.06284	6.56879	5.19037	4.30536	7.17355
34600	8.34575	5.34401	3.90134	3.1303	2.66524	2.35438	2.12974	9.8042	7.21778	5.66165	4.69206	4.05246	6.54899	5.17505	4.29328	7.15155
34700	8.32084	5.3276	3.89026	3.12227	2.65897	2.3492	2.12528	9.77349	7.19524	5.64488	4.67917	4.04215	6.52931	5.15982	4.28129	7.12969
34800	8.29604	5.31129	3.87926	3.11428	2.65274	2.34406	2.12084	9.74297	7.17285	5.62823	4.66636	4.03191	6.50975	5.14469	4.26938	7.10798
34900	8.27136	5.29509	3.86834	3.10635	2.64655	2.33894	2.11643	9.71264	7.15061	5.61169	4.65364	4.02174	6.49031	5.12966	4.25754	7.0864
35000	8.2468	5.27898	3.85748	3.09848	2.6404	2.33385	2.11205	9.6825	7.12851	5.59526	4.641	4.01164	6.47099	5.11473	4.24579	7.06496
35100	8.22235	5.26298	3.8467	3.09065	2.63429	2.3288	2.10769	9.65256	7.10656	5.57895	4.62846	4.0016	6.45178	5.09989	4.23411	7.04366
35200	8.19803	5.24709	3.83599	3.08288	2.62821	2.32377	2.10335	9.62282	7.08475	5.56274	4.616	3.99163	6.43269	5.08515	4.22251	7.0225
35300	8.17382	5.23129	3.82536	3.07516	2.62217	2.31878	2.09904	9.59327	7.06308	5.54665	4.60362	3.98173	6.41371	5.07051	4.21098	7.00147
35400	8.14974	5.21559	3.81479	3.06748	2.61618	2.31381	2.09476	9.56391	7.04156	5.53066	4.59133	3.97189	6.39485	5.05596	4.19954	6.98057
35500	8.12577	5.2	3.80429	3.05986	2.61021	2.30887	2.09049	9.53474	7.02018	5.51478	4.57912	3.96212	6.37609	5.0415	4.18816	6.9598
35600	8.10192	5.1845	3.79386	3.05228	2.60429	2.30396	2.08626	9.50577	6.99894	5.499	4.56699	3.95242	6.35745	5.02714	4.17686	6.93917
35700	8.07818	5.16909	3.78351	3.04476	2.5984	2.29908	2.08204	9.47698	6.97783	5.48333	4.55494	3.94278	6.33892	5.01286	4.16564	6.91866
35800	8.05457	5.15379	3.77322	3.03728	2.59255	2.29423	2.07785	9.44837	6.95686	5.46777	4.54298	3.9332	6.3205	4.99868	4.15448	6.89829
35900	8.03106	5.13858	3.76299	3.02985	2.58673	2.28941	2.07368	9.41995	6.93603	5.45231	4.53109	3.92368	6.30219	4.98458	4.1434	6.87804
36000	8.00767	5.12346	3.75284	3.02247	2.58095	2.28462	2.06954	9.39172	6.91533	5.43695	4.51928	3.91423	6.28399	4.97058	4.13239	6.85792
36100	7.98439	5.10844	3.74275	3.01514	2.57521	2.27985	2.06541	9.36366	6.89477	5.42169	4.50755	3.90483	6.2659	4.95667	4.12146	6.83793
36200	7.96123	5.09351	3.73272	3.00785	2.5695	2.27511	2.06131	9.33578	6.87434	5.40654	4.4959	3.8955	6.24791	4.94284	4.11059	6.81806
36300	7.93817	5.07867	3.72277	3.00061	2.56382	2.2704	2.05723	9.30808	6.85404	5.39149	4.48433	3.88623	6.23003	4.9291	4.09979	6.79831
36400	7.91523	5.06393	3.71287	2.99341	2.55818	2.26571	2.05318	9.28056	6.83387	5.37653	4.47283	3.87702	6.21225	4.91544	4.08906	6.77869
36500	7.89239	5.04927	3.70304	2.98626	2.55257	2.26105	2.04915	9.25321	6.81383	5.36167	4.4614	3.86787	6.19457	4.90188	4.07841	6.75919
36600	7.86967	5.0347	3.69327	2.97916	2.54699	2.25642	2.04513	9.22603	6.79391	5.34691	4.45006	3.85877	6.177	4.88839	4.06781	6.73981
36700	7.84705	5.02023	3.68357	2.9721	2.54145	2.25181	2.04114	9.19902	6.77413	5.33225	4.43878	3.84974	6.15953	4.87499	4.05729	6.72055
36800	7.82454	5.00584	3.67393	2.96508	2.53594	2.24723	2.03717	9.17219	6.75447	5.31768	4.42758	3.84076	6.14217	4.86168	4.04683	6.70141
36900	7.80214	4.99154	3.66435	2.95811	2.53047	2.24268	2.03323	9.14551	6.73493	5.3032	4.41645	3.83184	6.1249	4.84844	4.03644	6.68239
37000	7.77985	4.97733	3.65483	2.95118	2.52502	2.23815	2.0293	9.11901	6.71552	5.28882	4.4054	3.82298	6.10773	4.83529	4.02611	6.66349
37100	7.75766	4.9632	3.64537	2.94429	2.51961	2.23364	2.02539	9.09267	6.69623	5.27453	4.39441	3.81417	6.09066	4.82222	4.01585	6.6447
37200	7.73557	4.94915	3.63597	2.93744	2.51423	2.22917	2.02151	9.06649	6.67706	5.26034	4.3835	3.80541	6.07369	4.80923	4.00565	6.62602
37300	7.71359	4.9352	3.62663	2.93064	2.50888	2.22471	2.01764	9.04047	6.65801	5.24624	4.37265	3.79672	6.05682	4.79632	3.99552	6.60746
37400	7.69171	4.92132	3.61735	2.92388	2.50357	2.22028	2.0138	9.0146	6.63908	5.23222	4.36188	3.78807	6.04004	4.78349	3.98545	6.58901
37500	7.66994	4.90753	3.60812	2.91716	2.49828	2.21588	2.00997	8.9889	6.62027	5.2183	4.35117	3.77949	6.02336	4.77074	3.97544	6.57068
37600	7.64827	4.89382	3.59896	2.91048	2.49302	2.2115	2.00617	8.96335	6.60157	5.20446	4.34053	3.77095	6.00677	4.75806	3.9655	6.55245
37700	7.62669	4.88019	3.58985	2.90384	2.4878	2.20714	2.00239	8.93796	6.58299	5.19071	4.32996	3.76247	5.99028	4.74546	3.95561	6.53434
37800	7.60522	4.86664	3.5808	2.89724	2.4826	2.2028	1.99862	8.91271	6.56452	5.17705	4.31946	3.75403	5.97388	4.73294	3.94579	6.51633
37900	7.58385	4.85317	3.5718	2.89068	2.47743	2.19849	1.99488	8.88762	6.54617	5.16347	4.30902	3.74566	5.95757	4.72049	3.93603	6.49843
38000	7.56258	4.83978	3.56285	2.88416	2.4723	2.19421	1.99115	8.86267	6.52793	5.14998	4.29865	3.73733	5.94135	4.70812	3.92632	6.48064
38100	7.5414	4.82647	3.55397	2.87768	2.46719	2.18994	1.98744	8.83787	6.5098	5.13658	4.28834	3.72905	5.92523	4.69582	3.91668	6.46296
38200	7.52032	4.81324	3.54513	2.87123	2.46211	2.1857	1.98375	8.81322	6.49178	5.12325	4.27809	3.72082	5.90919	4.68359	3.90709	6.44538
38300	7.49935	4.80008	3.53635	2.86483	2.45706	2.18148	1.98008	8.7887	6.47387	5.11001	4.26791	3.71264	5.89324	4.67144	3.89756	6.42791
38400	7.47846	4.787	3.52763	2.85846	2.45203	2.17729	1.97643	8.76433	6.45607	5.09685	4.25779	3.70452	5.87738	4.65936	3.88809	6.41054
38500	7.45768	4.774	3.51896	2.85213	2.44704	2.17311	1.9728	8.7401	6.43838	5.08378	4.24773	3.69644	5.86161	4.64735	3.87868	6.39327
38600	7.43699	4.76107	3.51033	2.84584	2.44207	2.16896	1.96918	8.71601	6.42079	5.07078	4.23774	3.68841	5.84593	4.63541	3.86932	6.3761
38700	7.4164	4.74822	3.50176	2.83958	2.43713	2.16483	1.96558	8.69206	6.40331	5.05787	4.22781	3.68042	5.83033	4.62355	3.86002	6.35904
38800	7.3959	4.73544	3.49325	2.83336	2.43222	2.16072	1.96201	8.66825	6.38593	5.04503	4.21793	3.67249	5.81482	4.61175	3.85077	6.34208
38900	7.3755	4.72274	3.48478	2.82717	2.42733	2.15663	1.95844	8.64457	6.36866	5.03227	4.20812	3.6646	5.79939	4.60002	3.84158	6.32521
39000	7.35519	4.7101	3.47636	2.82103	2.42247	2.15257	1.9549	8.62102	6.35149	5.01959	4.19837	3.65676	5.78406	4.58836	3.83245	6.30844
39100	7.33497	4.69754	3.468	2.81491	2.41764	2.14852	1.95137	8.59761	6.33442	5.00699	4.18867	3.64896	5.7688	4.57677	3.82336	6.29178
39200	7.31485	4.68506	3.45968	2.80883	2.41284	2.1445	1.94786	8.57434	6.31745	4.99446	4.17904	3.64121	5.75363	4.56524	3.81434	6.27521
39300	7.29482	4.67264	3.45141	2.80279	2.40806	2.14049	1.94437	8.55119	6.30058	4.98201	4.16946	3.63351	5.73854	4.55379	3.80536	6.25873
39400	7.27489	4.66029	3.44319	2.79678	2.4033	2.13651	1.9409	8.52818	6.28382	4.96964	4.15994	3.62585	5.72353	4.5424	3.79644	6.24236
39500	7.25504	4.64802	3.43502	2.79081	2.39858	2.13255	1.93744	8.5053	6.26715	4.95734	4.15048	3.61823	5.70861	4.53108	3.78757	6.22607
39600	7.23529	4.63581	3.4269	2.78487	2.39387	2.1286	1.934	8.48254	6.25058	4.94511	4.14107	3.61067	5.69376	4.51982	3.77875	6.20989
39700	7.21563	4.62368	3.41883	2.77896	2.3892	2.12468	1.93057	8.45992	6.23411	4.93296	4.13172	3.60314	5.679	4.50863	3.76999	6.19379
39800	7.19606	4.61161	3.4108	2.77309	2.38454	2.12078	1.92717	8.43742	6.21774	4.92088	4.12243	3.59566	5.66432	4.4975	3.76127	6.17779
39900	7.17659	4.59961	3.40282	2.76724	2.37992	2.1169	1.92378	8.41504	6.20146	4.90888	4.11319	3.58822	5.64972	4.48644	3.75261	6.16188
40000	7.1572	4.58768	3.39488	2.76144	2.37531	2.11303	1.9204	8.3928	6.18528	4.89694	4.104	3.58082	5.6352	4.47544	3.74399	6.14607
40100	7.1379	4.57582	3.387	2.75566	2.37073	2.10919	1.91704	8.37067	6.16919	4.88508	4.09488	3.57347	5.62075	4.4645	3.73543	6.13034
40200	7.1187	4.56402	3.37915	2.74992	2.36618	2.10536	1.9137	8.34867	6.1532	4.87328	4.0858	3.56616	5.60639	4.45362	3.72691	6.1147
40300	7.09958	4.55229	3.37136	2.74421	2.36165	2.10156	1.91037	8.32679	6.1373	4.86156	4.07678	3.55889	5.5921	4.44281	3.71845	6.09915
40400	7.08056	4.54063	3.36361	2.73853	2.35714	2.09777	1.90706	8.30503	6.12149	4.84991	4.06781	3.55166	5.57789	4.43206	3.71003	6.08369
40500	7.06162	4.52903	3.3559	2.73288	2.35266	2.094	1.90376	8.2834	6.10577	4.83832	4.05889	3.54447	5.56376	4.42137	3.70166	6.06832
40600	7.04278	4.51749	3.34824	2.72726	2.3482	2.09025	1.90048	8.26188	6.09015	4.82681	4.05002	3.53732	5.5497	4.41074	3.69334	6.05304
40700	7.02402	4.50602	3.34062	2.72168	2.34377	2.08652	1.89721	8.24047	6.07461	4.81536	4.04121	3.53022	5.53572	4.40017	3.68507	6.03784
40800	7.00535	4.49462	3.33304	2.71612	2.33935	2.08281	1.89396	8.21919	6.05916	4.80398	4.03244	3.52315	5.52181	4.38966	3.67684	6.02273
40900	6.98677	4.48327	3.32551	2.7106	2.33496	2.07912	1.89073	8.19802	6.0438	4.79266	4.02373	3.51612	5.50798	4.37922	3.66866	6.0077
41000	6.96828	4.472	3.31802	2.7051	2.3306	2.07544	1.88751	8.17697	6.02853	4.78141	4.01507	3.50914	5.49422	4.36882	3.66053	5.99276
41100	6.94988	4.46078	3.31057	2.69964	2.32625	2.07178	1.8843	8.15603	6.01335	4.77023	4.00645	3.50219	5.48053	4.35849	3.65244	5.9779
41200	6.93156	4.44963	3.30316	2.6942	2.32193	2.06814	1.88111	8.13521	5.99825	4.7591	3.99789	3.49528	5.46692	4.34821	3.6444	5.96312
41300	6.91334	4.43853	3.2958	2.6888	2.31763	2.06452	1.87794	8.11449	5.98324	4.74805	3.98937	3.4884	5.45338	4.33799	3.6364	5.94843
41400	6.8952	4.4275	3.28848	2.68342	2.31334	2.06091	1.87478	8.09389	5.96831	4.73706	3.98091	3.48157	5.43991	4.32783	3.62844	5.93382
41500	6.87714	4.41653	3.28119	2.67807	2.30909	2.05732	1.87163	8.0734	5.95347	4.72613	3.97249	3.47477	5.42651	4.31773	3.62053	5.91929
41600	6.85918	4.40562	3.27395	2.67275	2.30485	2.05375	1.8685	8.05301	5.93871	4.71526	3.96412	3.46801	5.41318	4.30767	3.61267	5.90484
41700	6.8413	4.39477	3.26675	2.66746	2.30064	2.05019	1.86538	8.03274	5.92403	4.70445	3.95579	3.46129	5.39992	4.29768	3.60485	5.89046
41800	6.82351	4.38398	3.25959	2.6622	2.29644	2.04666	1.86227	8.01257	5.90943	4.69371	3.94751	3.4546	5.38674	4.28774	3.59707	5.87617
41900	6.80581	4.37325	3.25246	2.65696	2.29227	2.04313	1.85918	7.99251	5.89492	4.68302	3.93928	3.44795	5.37362	4.27785	3.58933	5.86195
42000	6.78819	4.36258	3.24538	2.65175	2.28812	2.03963	1.8561	7.97255	5.88049	4.6724	3.93109	3.44133	5.36057	4.26802	3.58164	5.84782
42100	6.77066	4.35196	3.23834	2.64657	2.28398	2.03614	1.85304	7.9527	5.86613	4.66184	3.92295	3.43476	5.34759	4.25824	3.57398	5.83376
42200	6.75321	4.34141	3.23133	2.64141	2.27987	2.03267	1.84999	7.93295	5.85186	4.65133	3.91485	3.42821	5.33468	4.24852	3.56637	5.81977
42300	6.73585	4.33091	3.22436	2.63629	2.27578	2.02921	1.84695	7.9133	5.83766	4.64089	3.9068	3.4217	5.32183	4.23884	3.55881	5.80587
42400	6.71857	4.32047	3.21743	2.63119	2.27171	2.02577	1.84393	7.89376	5.82354	4.6305	3.89879	3.41523	5.30905	4.22922	3.55128	5.79203
42500	6.70138	4.31008	3.21054	2.62611	2.26766	2.02235	1.84092	7.87431	5.8095	4.62017	3.89083	3.40878	5.29634	4.21965	3.54379	5.77828
42600	6.68427	4.29975	3.20368	2.62107	2.26363	2.01894	1.83793	7.85497	5.79554	4.6099	3.88291	3.40238	5.2837	4.21014	3.53634	5.76459
42700	6.66724	4.28948	3.19687	2.61604	2.25962	2.01555	1.83494	7.83573	5.78165	4.59969	3.87504	3.39601	5.27112	4.20067	3.52894	5.75099
42800	6.65029	4.27926	3.19008	2.61105	2.25562	2.01217	1.83197	7.81659	5.76785	4.58953	3.8672	3.38967	5.2586	4.19126	3.52157	5.73745
42900	6.63343	4.2691	3.18334	2.60608	2.25165	2.00881	1.82902	7.79755	5.75411	4.57943	3.85941	3.38336	5.24615	4.18189	3.51424	5.72399
43000	6.61665	4.25899	3.17663	2.60113	2.2477	2.00546	1.82607	7.7786	5.74045	4.56938	3.85166	3.37709	5.23377	4.17258	3.50696	5.7106
43100	6.59994	4.24894	3.16996	2.59621	2.24376	2.00213	1.82314	7.75975	5.72687	4.55939	3.84396	3.37085	5.22145	4.16332	3.49971	5.69728
43200	6.58332	4.23893	3.16332	2.59132	2.23984	1.99882	1.82022	7.741	5.71335	4.54946	3.83629	3.36464	5.20919	4.1541	3.4925	5.68403
43300	6.56678	4.22899	3.15672	2.58645	2.23595	1.99551	1.81731	7.72234	5.69991	4.53958	3.82867	3.35847	5.19699	4.14494	3.48533	5.67085
43400	6.55032	4.21909	3.15015	2.58161	2.23207	1.99223	1.81442	7.70378	5.68655	4.52975	3.82109	3.35233	5.18486	4.13582	3.47819	5.65775
43500	6.53393	4.20925	3.14362	2.57679	2.22821	1.98896	1.81154	7.68532	5.67326	4.51998	3.81354	3.34622	5.17279	4.12675	3.4711	5.64471
43600	6.51763	4.19946	3.13713	2.57199	2.22437	1.9857	1.80867	7.66694	5.66003	4.51026	3.80604	3.34014	5.16079	4.11773	3.46404	5.63174
43700	6.5014	4.18972	3.13066	2.56722	2.22054	1.98246	1.80581	7.64866	5.64688	4.50059	3.79858	3.33409	5.14884	4.10876	3.45701	5.61885
43800	6.48525	4.18004	3.12424	2.56247	2.21674	1.97923	1.80297	7.63047	5.6338	4.49098	3.79116	3.32807	5.13695	4.09983	3.45003	5.60602
43900	6.46918	4.1704	3.11784	2.55775	2.21295	1.97602	1.80013	7.61238	5.62079	4.48142	3.78378	3.32209	5.12513	4.09096	3.44308	5.59325
44000	6.45319	4.16082	3.11148	2.55305	2.20918	1.97282	1.79731	7.59437	5.60785	4.47191	3.77643	3.31613	5.11336	4.08212	3.43617	5.58056
44100	6.43727	4.15128	3.10515	2.54837	2.20543	1.96963	1.7945	7.57645	5.59498	4.46245	3.76913	3.3102	5.10166	4.07334	3.42929	5.56793
44200	6.42143	4.1418	3.09886	2.54371	2.2017	1.96646	1.79171	7.55862	5.58218	4.45304	3.76186	3.30431	5.09001	4.0646	3.42245	5.55536
44300	6.40566	4.13236	3.0926	2.53908	2.19798	1.96331	1.78892	7.54088	5.56944	4.44368	3.75464	3.29845	5.07843	4.0559	3.41565	5.54287
44400	6.38997	4.12298	3.08636	2.53448	2.19428	1.96016	1.78615	7.52323	5.55677	4.43437	3.74745	3.29261	5.0669	4.04725	3.40888	5.53043
44500	6.37435	4.11364	3.08017	2.52989	2.1906	1.95703	1.78338	7.50567	5.54417	4.42511	3.74029	3.2868	5.05543	4.03865	3.40214	5.51807
44600	6.35881	4.10435	3.074	2.52533	2.18693	1.95392	1.78063	7.48819	5.53163	4.41591	3.73318	3.28103	5.04402	4.03009	3.39545	5.50576
44700	6.34334	4.09511	3.06787	2.52079	2.18328	1.95082	1.77789	7.4708	5.51916	4.40674	3.7261	3.27528	5.03266	4.02157	3.38878	5.49352
44800	6.32794	4.08592	3.06176	2.51627	2.17965	1.94773	1.77516	7.45349	5.50676	4.39763	3.71906	3.26956	5.02136	4.0131	3.38215	5.48135
44900	6.31262	4.07677	3.05569	2.51177	2.17603	1.94465	1.77245	7.43626	5.49442	4.38857	3.71205	3.26387	5.01012	4.00467	3.37555	5.46923
45000	6.29737	4.06767	3.04965	2.5073	2.17244	1.94159	1.76974	7.41912	5.48214	4.37955	3.70508	3.2582	4.99893	3.99628	3.36899	5.45718