300	26.14	23.9847	22.4361	21.238	20.2668	19.454	18.7573	31.2158	29.3997	27.9883	26.8399	25.8755	26.8644	25.5364	24.4573	29.9464
400	24.3135	22.2363	20.7462	19.5949	18.6627	17.8832	17.2158	29.1601	27.4035	26.0397	24.9309	24.0005	24.988	23.7073	22.6676	27.9216
500	22.9431	20.9265	19.4818	18.3668	17.4648	16.7111	16.0663	27.6127	25.9023	24.5754	23.4974	22.5933	23.5794	22.3354	21.3263	26.3985
600	21.8536	19.8864	18.4787	17.3933	16.516	15.7834	15.1571	26.379	24.7063	23.4096	22.3567	21.4742	22.4589	21.2448	20.2607	25.1848
700	20.9535	19.028	17.6517	16.5913	15.7348	15.0201	14.4093	25.3574	23.7166	22.4454	21.4138	20.5495	21.5328	20.3441	19.3811	24.1802
800	20.1894	18.3001	16.9509	15.9122	15.0737	14.3745	13.7772	24.4883	22.8751	21.626	20.6129	19.7644	20.7464	19.5797	18.6349	23.326
900	19.5274	17.67	16.3447	15.3251	14.5026	13.817	13.2316	23.734	22.1452	20.9156	19.9187	19.0842	20.0649	18.9176	17.989	22.5849
1000	18.9448	17.116	15.812	14.8095	14.0012	13.3278	12.7531	23.069	21.502	20.2899	19.3075	18.4854	19.465	18.335	17.4208	21.9317
1100	18.4256	16.6225	15.3379	14.3509	13.5554	12.893	12.3279	22.4753	20.928	19.7317	18.7626	17.9518	18.9302	17.8158	16.9147	21.3489
1200	17.958	16.1785	14.9115	13.9386	13.1549	12.5025	11.9462	21.9399	20.4107	19.2288	18.2717	17.4712	18.4484	17.3483	16.4591	20.8234
1300	17.5333	15.7754	14.5247	13.5647	12.7918	12.1487	11.6005	21.4529	19.9403	18.7717	17.8256	17.0346	18.0107	16.9238	16.0456	20.3455
1400	17.1447	15.4069	14.1712	13.2232	12.4603	11.8257	11.285	21.0068	19.5095	18.3532	17.4174	16.6352	17.6102	16.5355	15.6674	19.9079
1500	16.7869	15.0678	13.8461	12.9093	12.1556	11.5291	10.9953	20.5955	19.1125	17.9677	17.0414	16.2674	17.2414	16.178	15.3193	19.5046
1600	16.4557	14.7541	13.5454	12.6191	11.8742	11.255	10.7278	20.2144	18.7448	17.6106	16.6933	15.927	16.8999	15.8471	14.9973	19.1309
1700	16.1477	14.4625	13.2661	12.3495	11.6128	11.0007	10.4796	19.8595	18.4025	17.2784	16.3695	15.6104	16.5823	15.5395	14.6979	18.7831
1800	15.8601	14.1903	13.0054	12.0982	11.3691	10.7636	10.2483	19.5278	18.0826	16.968	16.067	15.3146	16.2856	15.2521	14.4184	18.458
1900	15.5904	13.9352	12.7613	11.8628	11.141	10.5418	10.0319	19.2164	17.7824	16.6769	15.7833	15.0374	16.0074	14.9828	14.1565	18.153
2000	15.3368	13.6954	12.5319	11.6417	10.9269	10.3335	9.82878	18.9233	17.5	16.4029	15.5165	14.7767	15.7456	14.7295	13.9103	17.8659
2100	15.0975	13.4693	12.3157	11.4334	10.7251	10.1374	9.63757	18.6465	17.2333	16.1443	15.2647	14.5307	15.4987	14.4907	13.6781	17.5948
2200	14.8711	13.2555	12.1113	11.2365	10.5345	9.95214	9.45704	18.3844	16.9809	15.8997	15.0265	14.298	15.2651	14.2647	13.4585	17.3382
2300	14.6564	13.0529	11.9177	11.05	10.354	9.77678	9.28617	18.1357	16.7414	15.6676	14.8005	14.0773	15.0436	14.0504	13.2503	17.0947
2400	14.4524	12.8603	11.7338	10.873	10.1827	9.61039	9.12407	17.899	16.5136	15.4469	14.5857	13.8676	14.833	13.8468	13.0525	16.8632
2500	14.2581	12.677	11.5587	10.7046	10.0198	9.45217	8.96996	17.6735	16.2965	15.2366	14.3811	13.6678	14.6323	13.6529	12.8642	16.6425
2600	14.0727	12.5022	11.3918	10.544	9.86453	9.30142	8.82316	17.4581	16.0893	15.0359	14.1859	13.4773	14.4409	13.4679	12.6846	16.4318
2700	13.8955	12.3352	11.2324	10.3907	9.71629	9.15753	8.68308	17.2521	15.8911	14.844	13.9992	13.2951	14.2579	13.2911	12.513	16.2302
2800	13.7258	12.1753	11.0799	10.2441	9.57453	9.01995	8.54917	17.0546	15.7012	14.6601	13.8204	13.1206	14.0826	13.1218	12.3486	16.0371
2900	13.563	12.022	10.9337	10.1036	9.43876	8.88823	8.42098	16.8652	15.5191	14.4838	13.649	12.9534	13.9145	12.9595	12.1912	15.8519
3000	13.4068	11.8749	10.7935	9.96877	9.30853	8.76191	8.29807	16.6831	15.344	14.3145	13.4843	12.7928	13.7531	12.8036	12.0399	15.6739
3100	13.2565	11.7335	10.6587	9.83929	9.18346	8.64061	8.18009	16.5079	15.1757	14.1516	13.326	12.6383	13.5979	12.6538	11.8946	15.5026
3200	13.1119	11.5974	10.529	9.71475	9.06319	8.524	8.06667	16.3391	15.0135	13.9947	13.1735	12.4897	13.4484	12.5096	11.7547	15.3377
3300	12.9724	11.4663	10.4041	9.59481	8.94739	8.41174	7.95751	16.1763	14.8571	13.8434	13.0266	12.3464	13.3043	12.3706	11.6199	15.1786
3400	12.8379	11.3398	10.2836	9.47919	8.83578	8.30357	7.85234	16.0192	14.7062	13.6974	12.8847	12.2081	13.1653	12.2364	11.4899	15.0251
3500	12.7079	11.2177	10.1674	9.3676	8.72809	8.19922	7.75091	15.8673	14.5603	13.5564	12.7477	12.0746	13.031	12.1069	11.3643	14.8767
3600	12.5823	11.0996	10.055	9.25981	8.62409	8.09846	7.65299	15.7203	14.4192	13.42	12.6153	11.9455	12.9012	11.9817	11.243	14.7332
3700	12.4607	10.9855	9.9464	9.15559	8.52355	8.00108	7.55837	15.578	14.2827	13.288	12.4871	11.8205	12.7755	11.8606	11.1256	14.5942
3800	12.343	10.8749	9.84123	9.05473	8.42628	7.90688	7.46685	15.4402	14.1503	13.1601	12.3629	11.6996	12.6538	11.7432	11.0119	14.4596
3900	12.2289	10.7678	9.73935	8.95704	8.33208	7.81567	7.37825	15.3064	14.022	13.0361	12.2425	11.5823	12.5358	11.6295	10.9018	14.329
4000	12.1181	10.6639	9.64057	8.86235	8.24079	7.72729	7.29242	15.1766	13.8974	12.9158	12.1257	11.4685	12.4213	11.5192	10.7949	14.2023
4100	12.0107	10.5631	9.54472	8.77049	8.15225	7.64159	7.20921	15.0505	13.7765	12.799	12.0124	11.3581	12.3102	11.4121	10.6912	14.0792
4200	11.9062	10.4651	9.45167	8.68132	8.06632	7.55843	7.12847	14.9279	13.659	12.6855	11.9022	11.2508	12.2022	11.3081	10.5905	13.9596
4300	11.8047	10.37	9.36125	8.5947	7.98286	7.47768	7.05009	14.8087	13.5447	12.5751	11.7951	11.1465	12.0972	11.207	10.4926	13.8433
4400	11.706	10.2774	9.27335	8.51051	7.90176	7.39922	6.97394	14.6927	13.4334	12.4677	11.6909	11.0451	11.9951	11.1087	10.3975	13.7301
4500	11.6099	10.1874	9.18783	8.42862	7.82289	7.32294	6.89992	14.5797	13.3251	12.3632	11.5895	10.9464	11.8957	11.013	10.3048	13.6199
4600	11.5163	10.0997	9.10459	8.34892	7.74614	7.24872	6.82791	14.4696	13.2196	12.2613	11.4907	10.8502	11.7989	10.9198	10.2147	13.5125
4700	11.4251	10.0143	9.02351	8.27131	7.67142	7.17648	6.75783	14.3623	13.1167	12.1621	11.3945	10.7565	11.7045	10.829	10.1268	13.4078
4800	11.3361	9.931	8.9445	8.1957	7.59864	7.10612	6.68959	14.2576	13.0164	12.0653	11.3006	10.6652	11.6126	10.7404	10.0411	13.3057
4900	11.2494	9.8498	8.86747	8.122	7.5277	7.03755	6.6231	14.1554	12.9185	11.9708	11.209	10.5761	11.5228	10.6541	9.95761	13.206
5000	11.1647	9.77058	8.79232	8.05011	7.45853	6.9707	6.55828	14.0556	12.823	11.8786	11.1197	10.4892	11.4352	10.5698	9.87611	13.1088
5100	11.082	9.69325	8.71899	7.97997	7.39104	6.90549	6.49506	13.9581	12.7296	11.7886	11.0324	10.4043	11.3497	10.4875	9.79655	13.0138
5200	11.0013	9.61773	8.64738	7.91149	7.32518	6.84186	6.43338	13.8628	12.6384	11.7006	10.9472	10.3213	11.2661	10.4072	9.71885	12.9209
5300	10.9224	9.54394	8.57744	7.84462	7.26086	6.77973	6.37317	13.7697	12.5492	11.6147	10.8638	10.2403	11.1845	10.3286	9.64294	12.8301
5400	10.8452	9.47182	8.50909	7.77928	7.19803	6.71905	6.31437	13.6786	12.462	11.5306	10.7824	10.1611	11.1046	10.2519	9.56873	12.7414
5500	10.7698	9.40129	8.44226	7.71542	7.13663	6.65976	6.25692	13.5894	12.3767	11.4483	10.7027	10.0836	11.0265	10.1768	9.49616	12.6545
5600	10.6959	9.3323	8.37691	7.65297	7.0766	6.6018	6.20076	13.5022	12.2932	11.3679	10.6247	10.0078	10.9501	10.1033	9.42517	12.5695
5700	10.6236	9.26479	8.31296	7.59188	7.01788	6.54512	6.14586	13.4167	12.2114	11.2891	10.5484	9.93359	10.8753	10.0314	9.3557	12.4863
5800	10.5528	9.19869	8.25038	7.53209	6.96044	6.48967	6.09216	13.333	12.1313	11.2119	10.4736	9.86093	10.802	9.96102	9.28769	12.4047
5900	10.4835	9.13396	8.1891	7.47357	6.9042	6.4354	6.03961	13.2509	12.0529	11.1363	10.4004	9.78976	10.7302	9.89207	9.22108	12.3248
6000	10.4156	9.07056	8.12908	7.41626	6.84915	6.38228	5.98818	13.1705	11.976	11.0622	10.3287	9.72003	10.6599	9.82451	9.15583	12.2465
6100	10.349	9.00842	8.07027	7.36012	6.79522	6.33025	5.93781	13.0916	11.9006	10.9895	10.2583	9.65169	10.591	9.75829	9.09188	12.1697
6200	10.2837	8.9475	8.01264	7.3051	6.74239	6.27929	5.88848	13.0143	11.8266	10.9183	10.1894	9.58468	10.5234	9.69337	9.02919	12.0944
6300	10.2197	8.88777	7.95613	7.25118	6.69061	6.22935	5.84015	12.9384	11.754	10.8484	10.1217	9.51896	10.4571	9.6297	8.96772	12.0205
6400	10.1568	8.82918	7.90072	7.1983	6.63985	6.18039	5.79278	12.8639	11.6828	10.7798	10.0554	9.45448	10.392	9.56724	8.90742	11.948
6500	10.0952	8.7717	7.84636	7.14644	6.59007	6.13239	5.74633	12.7907	11.6129	10.7125	9.99024	9.39121	10.3282	9.50595	8.84825	11.8768
6600	10.0346	8.71528	7.79302	7.09556	6.54124	6.08531	5.70079	12.7189	11.5443	10.6464	9.92629	9.3291	10.2655	9.44579	8.79018	11.8069
6700	9.97522	8.65989	7.74066	7.04563	6.49332	6.03913	5.65611	12.6483	11.4769	10.5816	9.86351	9.26812	10.204	9.38672	8.73318	11.7382
6800	9.91684	8.60551	7.68927	6.99662	6.4463	5.99381	5.61228	12.579	11.4106	10.5178	9.80184	9.20824	10.1435	9.32871	8.6772	11.6708
6900	9.8595	8.55209	7.63879	6.94849	6.40013	5.94932	5.56925	12.5108	11.3455	10.4552	9.74125	9.1494	10.0841	9.27172	8.62221	11.6045
7000	9.80314	8.49961	7.58921	6.90123	6.3548	5.90563	5.52701	12.4439	11.2816	10.3936	9.6817	9.09159	10.0258	9.21572	8.56819	11.5393
7100	9.74775	8.44803	7.54049	6.8548	6.31027	5.86273	5.48554	12.378	11.2187	10.3331	9.62318	9.03477	9.96838	9.16069	8.5151	11.4753
7200	9.6933	8.39734	7.49262	6.80917	6.26652	5.82059	5.4448	12.3132	11.1568	10.2736	9.56564	8.97891	9.91198	9.10658	8.46292	11.4123
7300	9.63975	8.3475	7.44556	6.76433	6.22353	5.77918	5.40478	12.2495	11.096	10.2151	9.50905	8.92398	9.85651	9.05339	8.41161	11.3503
7400	9.58708	8.29849	7.39929	6.72026	6.18128	5.73849	5.36545	12.1868	11.0361	10.1575	9.45339	8.86996	9.80195	9.00107	8.36116	11.2893
7500	9.53526	8.25028	7.35379	6.67692	6.13973	5.69849	5.32679	12.1251	10.9772	10.1009	9.39863	8.81682	9.74827	8.9496	8.31153	11.2294
7600	9.48427	8.20285	7.30903	6.63429	6.09888	5.65916	5.28879	12.0644	10.9193	10.0451	9.34474	8.76453	9.69544	8.89895	8.2627	11.1703
7700	9.43408	8.15618	7.26499	6.59236	6.0587	5.62048	5.25143	12.0046	10.8622	9.99026	9.29171	8.71306	9.64345	8.84911	8.21466	11.1122
7800	9.38468	8.11025	7.22166	6.5511	6.01918	5.58244	5.21468	11.9457	10.806	9.93624	9.2395	8.66241	9.59227	8.80005	8.16737	11.0549
7900	9.33604	8.06504	7.17901	6.51051	5.98029	5.54501	5.17853	11.8877	10.7507	9.88305	9.18809	8.61253	9.54187	8.75175	8.12082	10.9985
8000	9.28814	8.02052	7.13703	6.47055	5.94202	5.50818	5.14296	11.8305	10.6962	9.83066	9.13746	8.56342	9.49224	8.70419	8.07499	10.943
8100	9.24095	7.97668	7.09569	6.43121	5.90435	5.47194	5.10796	11.7742	10.6425	9.77904	9.0876	8.51506	9.44335	8.65735	8.02985	10.8883
8200	9.19448	7.9335	7.05498	6.39248	5.86726	5.43626	5.07351	11.7187	10.5896	9.72819	9.03847	8.46741	9.39519	8.61121	7.98539	10.8344
8300	9.14868	7.89096	7.01489	6.35433	5.83074	5.40113	5.0396	11.664	10.5374	9.67809	8.99006	8.42046	9.34773	8.56575	7.9416	10.7813
8400	9.10355	7.84905	6.97539	6.31676	5.79477	5.36653	5.00621	11.6101	10.486	9.6287	8.94236	8.3742	9.30096	8.52095	7.89844	10.7289
8500	9.05906	7.80775	6.93647	6.27975	5.75934	5.33246	4.97332	11.557	10.4353	9.58001	8.89533	8.32861	9.25486	8.4768	7.85592	10.6773
8600	9.01521	7.76704	6.89812	6.24328	5.72444	5.2989	4.94094	11.5045	10.3854	9.53202	8.84898	8.28366	9.20941	8.43328	7.814	10.6264
8700	8.97198	7.72691	6.86032	6.20734	5.69005	5.26584	4.90903	11.4528	10.3361	9.48469	8.80327	8.23935	9.1646	8.39037	7.77268	10.5762
8800	8.92934	7.68735	6.82306	6.17192	5.65616	5.23326	4.8776	11.4018	10.2875	9.43801	8.7582	8.19566	9.12041	8.34806	7.73194	10.5266
8900	8.88729	7.64834	6.78632	6.137	5.62275	5.20115	4.84662	11.3515	10.2395	9.39197	8.71375	8.15257	9.07682	8.30633	7.69177	10.4778
9000	8.84581	7.60986	6.75009	6.10257	5.58982	5.1695	4.81609	11.3019	10.1922	9.34654	8.6699	8.11007	9.03382	8.26518	7.65214	10.4296
9100	8.80488	7.57191	6.71436	6.06862	5.55734	5.13829	4.78599	11.2529	10.1456	9.30173	8.62663	8.06814	8.9914	8.22458	7.61306	10.382
9200	8.7645	7.53446	6.67912	6.03513	5.52533	5.10752	4.75632	11.2045	10.0995	9.2575	8.58394	8.02677	8.94955	8.18452	7.5745	10.3351
9300	8.72465	7.49752	6.64435	6.00211	5.49375	5.07719	4.72707	11.1568	10.054	9.21385	8.54182	7.98595	8.90824	8.14499	7.53646	10.2887
9400	8.68532	7.46107	6.61005	5.96953	5.4626	5.04727	4.69822	11.1097	10.0092	9.17077	8.50024	7.94566	8.86747	8.10599	7.49892	10.243
9500	8.6465	7.42509	6.57621	5.93738	5.43187	5.01775	4.66976	11.0631	9.96484	9.12824	8.45919	7.90589	8.82723	8.06748	7.46187	10.1978
9600	8.60818	7.38958	6.5428	5.90566	5.40156	4.98864	4.6417	11.0172	9.92108	9.08625	8.41868	7.86664	8.78749	8.02948	7.4253	10.1532
9700	8.57033	7.35452	6.50983	5.87436	5.37164	4.95991	4.61401	10.9718	9.87787	9.04478	8.37867	7.82788	8.74826	7.99195	7.3892	10.1092
9800	8.53296	7.31991	6.47728	5.84346	5.34211	4.93156	4.58669	10.9269	9.83519	9.00383	8.33916	7.78961	8.70951	7.9549	7.35356	10.0657
9900	8.49606	7.28573	6.44515	5.81296	5.31297	4.90358	4.55973	10.8826	9.79303	8.96338	8.30014	7.75182	8.67125	7.91831	7.31836	10.0227
10000	8.4596	7.25198	6.41342	5.78285	5.2842	4.87596	4.53312	10.8389	9.75138	8.92342	8.26159	7.71449	8.63345	7.88216	7.2836	9.98027
10100	8.42359	7.21864	6.38209	5.75311	5.2558	4.8487	4.50685	10.7957	9.71022	8.88394	8.22352	7.67762	8.59611	7.84646	7.24926	9.93832
10200	8.38802	7.18571	6.35114	5.72375	5.22776	4.82179	4.48093	10.7529	9.66956	8.84494	8.1859	7.6412	8.55922	7.8112	7.21535	9.89687
10300	8.35287	7.15318	6.32057	5.69475	5.20007	4.79521	4.45533	10.7107	9.62937	8.80639	8.14873	7.60521	8.52277	7.77635	7.18185	9.85591
10400	8.31813	7.12104	6.29038	5.66611	5.17272	4.76897	4.43006	10.6689	9.58965	8.7683	8.112	7.56965	8.48675	7.74192	7.14874	9.81542
10500	8.2838	7.08928	6.26054	5.63781	5.1457	4.74306	4.4051	10.6276	9.55039	8.73065	8.0757	7.5345	8.45114	7.70789	7.11603	9.7754
10600	8.24987	7.0579	6.23106	5.60986	5.11902	4.71746	4.38045	10.5868	9.51157	8.69344	8.03982	7.49977	8.41595	7.67427	7.0837	9.73583
10700	8.21633	7.02688	6.20193	5.58224	5.09265	4.69217	4.3561	10.5465	9.4732	8.65664	8.00435	7.46544	8.38116	7.64102	7.05175	9.69671
10800	8.18317	6.99621	6.17314	5.55494	5.0666	4.66718	4.33205	10.5066	9.43525	8.62026	7.96928	7.4315	8.34677	7.60816	7.02017	9.65802
10900	8.15038	6.9659	6.14468	5.52797	5.04086	4.6425	4.30829	10.4671	9.39772	8.58429	7.93461	7.39794	8.31277	7.57568	6.98895	9.61977
11000	8.11796	6.93594	6.11656	5.50131	5.01542	4.6181	4.28481	10.4281	9.36061	8.54872	7.90033	7.36476	8.27914	7.54356	6.95808	9.58193
11100	8.0859	6.90631	6.08875	5.47495	4.99028	4.594	4.26161	10.3895	9.32391	8.51355	7.86642	7.33196	8.24589	7.51179	6.92756	9.54451
11200	8.0542	6.87701	6.06126	5.4489	4.96543	4.57017	4.23868	10.3513	9.2876	8.47875	7.83289	7.29951	8.213	7.48038	6.89738	9.5075
11300	8.02284	6.84804	6.03407	5.42315	4.94086	4.54662	4.21602	10.3135	9.25168	8.44434	7.79973	7.26743	8.18047	7.44932	6.86754	9.47088
11400	7.99181	6.81938	6.00719	5.39768	4.91657	4.52335	4.19363	10.2761	9.21615	8.41029	7.76693	7.23569	8.14829	7.41859	6.83802	9.43465
11500	7.96113	6.79104	5.9806	5.3725	4.89256	4.50033	4.17149	10.2391	9.18099	8.3766	7.73447	7.2043	8.11646	7.3882	6.80883	9.3988
11600	7.93076	6.763	5.9543	5.34759	4.86881	4.47758	4.1496	10.2025	9.1462	8.34327	7.70237	7.17324	8.08496	7.35813	6.77995	9.36333
11700	7.90072	6.73527	5.92829	5.32296	4.84533	4.45508	4.12796	10.1663	9.11176	8.31029	7.67059	7.14251	8.05379	7.32838	6.75138	9.32822
11800	7.87099	6.70782	5.90256	5.29859	4.8221	4.43283	4.10656	10.1304	9.07769	8.27765	7.63916	7.1121	8.02295	7.29894	6.72311	9.29348
11900	7.84157	6.68067	5.87711	5.27449	4.79913	4.41082	4.0854	10.0949	9.04396	8.24535	7.60805	7.08201	7.99243	7.26981	6.69514	9.25909
12000	7.81245	6.6538	5.85192	5.25065	4.77641	4.38906	4.06447	10.0597	9.01057	8.21338	7.57726	7.05224	7.96222	7.24098	6.66746	9.22505
12100	7.78363	6.62721	5.827	5.22706	4.75393	4.36753	4.04378	10.025	8.97752	8.18173	7.54678	7.02277	7.93232	7.21245	6.64007	9.19135
12200	7.75511	6.60089	5.80233	5.20373	4.73169	4.34623	4.02331	9.99049	8.9448	8.1504	7.51661	6.9936	7.90273	7.18421	6.61296	9.15799
12300	7.72687	6.57484	5.77793	5.18063	4.70969	4.32517	4.00305	9.95637	8.9124	8.11938	7.48675	6.96473	7.87343	7.15625	6.58613	9.12495
12400	7.69891	6.54906	5.75377	5.15777	4.68792	4.30432	3.98302	9.92259	8.88032	8.08867	7.45718	6.93614	7.84442	7.12858	6.55957	9.09224
12500	7.67122	6.52353	5.72986	5.13515	4.66637	4.28369	3.9632	9.88913	8.84856	8.05826	7.42791	6.90784	7.81569	7.10118	6.53327	9.05985
12600	7.64381	6.49826	5.70619	5.11276	4.64505	4.26328	3.94358	9.85599	8.8171	8.02815	7.39892	6.87982	7.78725	7.07405	6.50724	9.02777
12700	7.61667	6.47324	5.68276	5.0906	4.62394	4.24308	3.92418	9.82316	8.78594	7.99833	7.37021	6.85208	7.75909	7.04719	6.48146	8.99599
12800	7.58979	6.44846	5.65956	5.06866	4.60305	4.22309	3.90497	9.79065	8.75507	7.96879	7.34178	6.8246	7.73119	7.02059	6.45594	8.96452
12900	7.56317	6.42393	5.63659	5.04695	4.58237	4.2033	3.88596	9.75844	8.7245	7.93953	7.31363	6.79739	7.70357	6.99425	6.43067	8.93334
13000	7.5368	6.39963	5.61385	5.02544	4.5619	4.18372	3.86714	9.72653	8.69422	7.91055	7.28574	6.77044	7.6762	6.96816	6.40564	8.90245
13100	7.51068	6.37557	5.59133	5.00415	4.54163	4.16433	3.84852	9.69491	8.66421	7.88185	7.25812	6.74375	7.64909	6.94231	6.38085	8.87185
13200	7.4848	6.35174	5.56902	4.98307	4.52157	4.14513	3.83009	9.66358	8.63449	7.85341	7.23075	6.71731	7.62224	6.91671	6.35629	8.84154
13300	7.45917	6.32813	5.54693	4.96219	4.5017	4.12613	3.81184	9.63254	8.60504	7.82523	7.20364	6.69112	7.59564	6.89136	6.33197	8.8115
13400	7.43378	6.30475	5.52505	4.94151	4.48203	4.10731	3.79377	9.60177	8.57585	7.79732	7.17679	6.66517	7.56928	6.86623	6.30788	8.78173
13500	7.40862	6.28158	5.50338	4.92104	4.46254	4.08868	3.77588	9.57128	8.54693	7.76965	7.15018	6.63946	7.54317	6.84135	6.28401	8.75223
13600	7.38368	6.25863	5.48191	4.90075	4.44324	4.07022	3.75817	9.54106	8.51827	7.74224	7.12381	6.61399	7.51729	6.81668	6.26037	8.723
13700	7.35898	6.23589	5.46065	4.88066	4.42413	4.05195	3.74063	9.51111	8.48986	7.71507	7.09768	6.58875	7.49165	6.79225	6.23694	8.69403
13800	7.33449	6.21336	5.43957	4.86076	4.4052	4.03385	3.72325	9.48142	8.46171	7.68815	7.07179	6.56374	7.46624	6.76804	6.21372	8.66531
13900	7.31023	6.19103	5.4187	4.84104	4.38645	4.01593	3.70605	9.452	8.4338	7.66147	7.04612	6.53896	7.44105	6.74404	6.19072	8.63684
14000	7.28618	6.1689	5.39801	4.82151	4.36787	3.99817	3.68901	9.42282	8.40614	7.63502	7.02069	6.5144	7.41608	6.72026	6.16792	8.60862
14100	7.26234	6.14698	5.37751	4.80215	4.34947	3.98058	3.67214	9.39389	8.37871	7.6088	6.99548	6.49006	7.39134	6.69669	6.14533	8.58065
14200	7.23871	6.12524	5.3572	4.78298	4.33124	3.96316	3.65542	9.36522	8.35153	7.58281	6.97049	6.46593	7.36681	6.67333	6.12294	8.55292
14300	7.21529	6.1037	5.33707	4.76397	4.31317	3.9459	3.63886	9.33678	8.32457	7.55705	6.94572	6.44201	7.3425	6.65017	6.10075	8.52543
14400	7.19207	6.08235	5.31712	4.74514	4.29527	3.92879	3.62245	9.30859	8.29785	7.5315	6.92116	6.4183	7.31839	6.62721	6.07875	8.49817
14500	7.16905	6.06119	5.29735	4.72648	4.27754	3.91185	3.6062	9.28063	8.27135	7.50618	6.89682	6.3948	7.2945	6.60446	6.05695	8.47114
14600	7.14623	6.04021	5.27775	4.70798	4.25996	3.89506	3.5901	9.2529	8.24508	7.48107	6.87268	6.3715	7.2708	6.5819	6.03533	8.44433
14700	7.1236	6.01941	5.25832	4.68965	4.24254	3.87842	3.57414	9.2254	8.21902	7.45617	6.84875	6.3484	7.24731	6.55953	6.01391	8.41775
14800	7.10116	5.99879	5.23907	4.67148	4.22527	3.86193	3.55833	9.19813	8.19318	7.43148	6.82502	6.3255	7.22401	6.53735	5.99266	8.39139
14900	7.0789	5.97834	5.21997	4.65347	4.20816	3.84559	3.54266	9.17108	8.16755	7.40699	6.80149	6.30279	7.20091	6.51536	5.9716	8.36525
15000	7.05684	5.95807	5.20104	4.63561	4.1912	3.82939	3.52713	9.14425	8.14213	7.38271	6.77815	6.28026	7.178	6.49355	5.95071	8.33931
15100	7.03495	5.93797	5.18227	4.61791	4.17439	3.81334	3.51174	9.11763	8.11692	7.35862	6.75501	6.25793	7.15528	6.47193	5.93	8.31359
15200	7.01324	5.91803	5.16366	4.60036	4.15772	3.79742	3.49649	9.09123	8.09191	7.33473	6.73205	6.23578	7.13274	6.45048	5.90946	8.28808
15300	6.99172	5.89826	5.14521	4.58296	4.14119	3.78165	3.48137	9.06503	8.0671	7.31104	6.70929	6.21382	7.11039	6.42921	5.88909	8.26277
15400	6.97036	5.87866	5.12691	4.56571	4.12481	3.76601	3.46638	9.03905	8.04249	7.28753	6.68671	6.19203	7.08822	6.40811	5.86889	8.23766
15500	6.94918	5.85921	5.10877	4.5486	4.10857	3.75051	3.45153	9.01327	8.01808	7.26421	6.66431	6.17042	7.06622	6.38719	5.84885	8.21275
15600	6.92817	5.83992	5.09077	4.53164	4.09246	3.73514	3.4368	8.98768	7.99385	7.24108	6.64209	6.14898	7.04441	6.36643	5.82898	8.18804
15700	6.90732	5.82079	5.07292	4.51482	4.07649	3.7199	3.4222	8.9623	7.96982	7.21813	6.62004	6.12772	7.02276	6.34584	5.80927	8.16352
15800	6.88664	5.80181	5.05522	4.49813	4.06066	3.70479	3.40773	8.93711	7.94597	7.19536	6.59817	6.10662	7.00129	6.32541	5.78972	8.13918
15900	6.86613	5.78299	5.03766	4.48159	4.04495	3.68981	3.39337	8.91212	7.92231	7.17277	6.57648	6.08569	6.97998	6.30515	5.77032	8.11504
16000	6.84577	5.76431	5.02025	4.46518	4.02938	3.67495	3.37914	8.88731	7.89883	7.15035	6.55495	6.06493	6.95884	6.28504	5.75108	8.09108
16100	6.82557	5.74578	5.00297	4.4489	4.01394	3.66022	3.36503	8.86269	7.87553	7.12811	6.53359	6.04433	6.93787	6.2651	5.73198	8.06731
16200	6.80553	5.7274	4.98583	4.43275	3.99862	3.64561	3.35104	8.83826	7.8524	7.10603	6.51239	6.02389	6.91706	6.2453	5.71304	8.04371
16300	6.78564	5.70916	4.96883	4.41674	3.98342	3.63111	3.33716	8.814	7.82945	7.08413	6.49136	6.00361	6.8964	6.22566	5.69425	8.02029
16400	6.7659	5.69107	4.95196	4.40085	3.96835	3.61674	3.3234	8.78993	7.80667	7.06238	6.47049	5.98348	6.8759	6.20617	5.6756	7.99705
16500	6.74631	5.67311	4.93522	4.38509	3.9534	3.60249	3.30976	8.76604	7.78406	7.04081	6.44977	5.96351	6.85556	6.18683	5.6571	7.97397
16600	6.72687	5.65529	4.91861	4.36945	3.93857	3.58835	3.29622	8.74232	7.76162	7.01939	6.42922	5.94369	6.83537	6.16764	5.63873	7.95107
16700	6.70758	5.6376	4.90214	4.35393	3.92386	3.57432	3.28279	8.71877	7.73935	6.99814	6.40881	5.92402	6.81533	6.14859	5.62051	7.92834
16800	6.68843	5.62005	4.88579	4.33854	3.90926	3.56041	3.26947	8.6954	7.71723	6.97704	6.38856	5.9045	6.79544	6.12969	5.60243	7.90578
16900	6.66942	5.60264	4.86956	4.32327	3.89478	3.5466	3.25626	8.67219	7.69528	6.9561	6.36846	5.88513	6.7757	6.11092	5.58448	7.88337
17000	6.65055	5.58535	4.85346	4.30811	3.88041	3.53291	3.24316	8.64915	7.67349	6.93531	6.34851	5.8659	6.7561	6.0923	5.56667	7.86113
17100	6.63182	5.5682	4.83748	4.29307	3.86615	3.51932	3.23016	8.62628	7.65186	6.91467	6.32871	5.84681	6.73665	6.07381	5.54899	7.83906
17200	6.61323	5.55117	4.82162	4.27815	3.85201	3.50584	3.21726	8.60356	7.63038	6.89418	6.30905	5.82786	6.71734	6.05547	5.53144	7.81714
17300	6.59477	5.53426	4.80588	4.26334	3.83797	3.49247	3.20447	8.58101	7.60905	6.87384	6.28953	5.80905	6.69817	6.03725	5.51403	7.79537
17400	6.57645	5.51748	4.79026	4.24864	3.82404	3.4792	3.19177	8.55862	7.58788	6.85365	6.27016	5.79038	6.67913	6.01917	5.49674	7.77376
17500	6.55826	5.50083	4.77475	4.23405	3.81022	3.46603	3.17918	8.53638	7.56685	6.83359	6.25092	5.77185	6.66024	6.00122	5.47957	7.7523
17600	6.54019	5.48429	4.75936	4.21958	3.7965	3.45297	3.16668	8.5143	7.54598	6.81369	6.23182	5.75345	6.64147	5.98339	5.46254	7.731
17700	6.52226	5.46787	4.74408	4.20521	3.78289	3.44	3.15428	8.49236	7.52524	6.79392	6.21286	5.73518	6.62284	5.9657	5.44562	7.70984
17800	6.50445	5.45158	4.72891	4.19094	3.76938	3.42713	3.14198	8.47058	7.50465	6.77429	6.19403	5.71704	6.60434	5.94813	5.42883	7.68882
17900	6.48677	5.43539	4.71386	4.17678	3.75597	3.41436	3.12976	8.44895	7.48421	6.75479	6.17533	5.69903	6.58597	5.93069	5.41215	7.66796
18000	6.4692	5.41933	4.69891	4.16273	3.74266	3.40169	3.11765	8.42746	7.4639	6.73544	6.15677	5.68114	6.56773	5.91336	5.3956	7.64723
18100	6.45177	5.40337	4.68407	4.14877	3.72944	3.38911	3.10562	8.40612	7.44374	6.71621	6.13833	5.66338	6.54962	5.89616	5.37916	7.62665
18200	6.43445	5.38753	4.66933	4.13492	3.71633	3.37662	3.09368	8.38493	7.42371	6.69712	6.12003	5.64575	6.53163	5.87908	5.36284	7.6062
18300	6.41725	5.3718	4.6547	4.12117	3.70331	3.36423	3.08184	8.36387	7.40381	6.67816	6.10184	5.62824	6.51376	5.86212	5.34663	7.5859
18400	6.40017	5.35618	4.64018	4.10752	3.69038	3.35192	3.07008	8.34295	7.38405	6.65932	6.08379	5.61085	6.49602	5.84528	5.33054	7.56573
18500	6.38321	5.34067	4.62575	4.09396	3.67755	3.33971	3.05841	8.32218	7.36442	6.64062	6.06585	5.59358	6.47839	5.82855	5.31456	7.5457
18600	6.36636	5.32527	4.61143	4.08051	3.66481	3.32759	3.04682	8.30154	7.34492	6.62204	6.04804	5.57643	6.46089	5.81194	5.29868	7.52579
18700	6.34962	5.30997	4.59721	4.06714	3.65216	3.31555	3.03532	8.28103	7.32556	6.60358	6.03035	5.55939	6.4435	5.79544	5.28292	7.50602
18800	6.333	5.29477	4.58308	4.05387	3.63961	3.3036	3.02391	8.26066	7.30632	6.58525	6.01278	5.54247	6.42623	5.77904	5.26726	7.48638
18900	6.31648	5.27968	4.56906	4.0407	3.62714	3.29174	3.01257	8.24042	7.2872	6.56704	5.99532	5.52567	6.40908	5.76276	5.25171	7.46687
19000	6.30008	5.26469	4.55513	4.02761	3.61476	3.27996	3.00132	8.22031	7.26821	6.54895	5.97798	5.50897	6.39204	5.7466	5.23627	7.44749
19100	6.28379	5.24981	4.54129	4.01462	3.60247	3.26827	2.99015	8.20033	7.24934	6.53098	5.96075	5.49239	6.37511	5.73053	5.22093	7.42823
19200	6.2676	5.23502	4.52755	4.00172	3.59026	3.25666	2.97906	8.18048	7.2306	6.51312	5.94364	5.47592	6.35829	5.71457	5.20569	7.40909
19300	6.25152	5.22033	4.5139	3.9889	3.57814	3.24513	2.96805	8.16075	7.21197	6.49538	5.92664	5.45955	6.34158	5.69872	5.19055	7.39008
19400	6.23554	5.20573	4.50035	3.97618	3.5661	3.23368	2.95712	8.14115	7.19347	6.47775	5.90975	5.4433	6.32498	5.68297	5.17552	7.37119
19500	6.21966	5.19124	4.48688	3.96353	3.55414	3.22232	2.94626	8.12167	7.17508	6.46024	5.89297	5.42715	6.30848	5.66733	5.16058	7.35241
19600	6.20389	5.17684	4.47351	3.95098	3.54227	3.21103	2.93549	8.10232	7.15681	6.44284	5.8763	5.4111	6.29209	5.65179	5.14574	7.33376
19700	6.18822	5.16253	4.46022	3.93851	3.53048	3.19982	2.92478	8.08308	7.13865	6.42555	5.85973	5.39516	6.27581	5.63634	5.131	7.31522
19800	6.17265	5.14831	4.44702	3.92612	3.51876	3.18868	2.91416	8.06396	7.1206	6.40837	5.84328	5.37932	6.25963	5.621	5.11635	7.2968
19900	6.15718	5.13419	4.43391	3.91382	3.50713	3.17762	2.9036	8.04496	7.10267	6.3913	5.82692	5.36359	6.24355	5.60575	5.1018	7.2785
20000	6.14181	5.12016	4.42088	3.90159	3.49558	3.16664	2.89312	8.02608	7.08485	6.37433	5.81067	5.34795	6.22758	5.5906	5.08734	7.2603
20100	6.12653	5.10622	4.40794	3.88945	3.4841	3.15573	2.88271	8.00731	7.06714	6.35747	5.79452	5.33242	6.2117	5.57555	5.07297	7.24222
20200	6.11135	5.09237	4.39509	3.87739	3.4727	3.1449	2.87237	7.98866	7.04954	6.34072	5.77848	5.31698	6.19592	5.5606	5.0587	7.22425
20300	6.09626	5.0786	4.38231	3.86541	3.46138	3.13414	2.8621	7.97012	7.03205	6.32407	5.76253	5.30164	6.18025	5.54573	5.04452	7.20639
20400	6.08127	5.06493	4.36962	3.8535	3.45013	3.12345	2.85191	7.95169	7.01466	6.30752	5.74668	5.28639	6.16467	5.53096	5.03042	7.18864
20500	6.06637	5.05134	4.35701	3.84168	3.43895	3.11284	2.84178	7.93337	6.99738	6.29107	5.73093	5.27125	6.14918	5.51628	5.01642	7.17099
20600	6.05156	5.03783	4.34448	3.82993	3.42785	3.10229	2.83172	7.91516	6.98021	6.27472	5.71528	5.25619	6.13379	5.5017	5.0025	7.15346
20700	6.03684	5.02441	4.33203	3.81825	3.41682	3.09182	2.82172	7.89706	6.96314	6.25848	5.69973	5.24123	6.11849	5.4872	4.98867	7.13603
20800	6.02221	5.01107	4.31966	3.80665	3.40587	3.08141	2.8118	7.87906	6.94616	6.24233	5.68426	5.22636	6.10329	5.47279	4.97493	7.1187
20900	6.00767	4.99782	4.30737	3.79513	3.39498	3.07107	2.80194	7.86118	6.92929	6.22628	5.6689	5.21158	6.08818	5.45847	4.96127	7.10147
21000	5.99322	4.98464	4.29515	3.78368	3.38417	3.0608	2.79215	7.84339	6.91252	6.21032	5.65362	5.19689	6.07316	5.44424	4.94769	7.08435
21100	5.97885	4.97155	4.28301	3.7723	3.37342	3.0506	2.78241	7.82571	6.89585	6.19446	5.63844	5.1823	6.05823	5.43009	4.9342	7.06732
21200	5.96457	4.95854	4.27095	3.76099	3.36274	3.04046	2.77275	7.80814	6.87928	6.17869	5.62335	5.16779	6.04339	5.41603	4.92079	7.0504
21300	5.95038	4.9456	4.25895	3.74975	3.35213	3.03039	2.76315	7.79066	6.8628	6.16302	5.60835	5.15336	6.02863	5.40206	4.90746	7.03357
21400	5.93627	4.93274	4.24704	3.73859	3.34159	3.02038	2.7536	7.77328	6.84642	6.14744	5.59344	5.13903	6.01397	5.38816	4.89422	7.01685
21500	5.92224	4.91997	4.23519	3.72749	3.33112	3.01044	2.74413	7.75601	6.83014	6.13195	5.57861	5.12478	5.99939	5.37436	4.88105	7.00022
21600	5.9083	4.90726	4.22342	3.71646	3.32071	3.00055	2.73471	7.73883	6.81395	6.11655	5.56388	5.11061	5.98489	5.36063	4.86796	6.98368
21700	5.89443	4.89464	4.21172	3.7055	3.31036	2.99074	2.72535	7.72175	6.79785	6.10124	5.54923	5.09653	5.97048	5.34698	4.85495	6.96724
21800	5.88065	4.88209	4.20009	3.69461	3.30008	2.98098	2.71605	7.70477	6.78184	6.08602	5.53467	5.08253	5.95616	5.33341	4.84202	6.9509
21900	5.86695	4.86961	4.18853	3.68378	3.28986	2.97129	2.70682	7.68788	6.76593	6.07089	5.52019	5.06862	5.94191	5.31993	4.82916	6.93465
22000	5.85332	4.85721	4.17704	3.67302	3.27971	2.96165	2.69764	7.67109	6.7501	6.05584	5.50579	5.05478	5.92776	5.30652	4.81638	6.91849
22100	5.83978	4.84488	4.16562	3.66233	3.26962	2.95208	2.68852	7.65439	6.73437	6.04088	5.49148	5.04103	5.91368	5.29319	4.80367	6.90242
22200	5.82631	4.83262	4.15427	3.6517	3.25959	2.94257	2.67945	7.63778	6.71872	6.02601	5.47725	5.02735	5.89968	5.27994	4.79104	6.88644
22300	5.81292	4.82043	4.14298	3.64113	3.24963	2.93311	2.67045	7.62127	6.70316	6.01122	5.4631	5.01376	5.88576	5.26676	4.77849	6.87055
22400	5.79961	4.80832	4.13176	3.63063	3.23972	2.92372	2.6615	7.60485	6.68769	5.99651	5.44904	5.00024	5.87192	5.25366	4.766	6.85475
22500	5.78637	4.79627	4.12061	3.62019	3.22987	2.91438	2.6526	7.58852	6.67231	5.98189	5.43505	4.9868	5.85816	5.24064	4.75359	6.83904
22600	5.77321	4.78429	4.10952	3.60981	3.22009	2.9051	2.64377	7.57227	6.65701	5.96734	5.42114	4.97344	5.84447	5.22768	4.74125	6.82341
22700	5.76012	4.77238	4.0985	3.59949	3.21036	2.89588	2.63498	7.55612	6.64179	5.95288	5.40731	4.96016	5.83087	5.2148	4.72898	6.80787
22800	5.7471	4.76054	4.08754	3.58924	3.20069	2.88671	2.62625	7.54005	6.62666	5.9385	5.39356	4.94694	5.81733	5.202	4.71678	6.79242
22900	5.73415	4.74877	4.07664	3.57904	3.19108	2.87759	2.61757	7.52407	6.61161	5.9242	5.37988	4.93381	5.80388	5.18926	4.70465	6.77704
23000	5.72128	4.73706	4.06581	3.56891	3.18152	2.86853	2.60895	7.50817	6.59664	5.90997	5.36628	4.92074	5.79049	5.1766	4.69258	6.76176
23100	5.70848	4.72542	4.05504	3.55883	3.17202	2.85953	2.60038	7.49236	6.58175	5.89583	5.35276	4.90775	5.77719	5.16401	4.68059	6.74655
23200	5.69574	4.71385	4.04433	3.54881	3.16258	2.85058	2.59186	7.47664	6.56694	5.88176	5.33931	4.89483	5.76395	5.15149	4.66866	6.73143
23300	5.68308	4.70233	4.03368	3.53885	3.15319	2.84168	2.58339	7.46099	6.55222	5.86777	5.32593	4.88199	5.75078	5.13903	4.6568	6.71638
23400	5.67049	4.69089	4.02309	3.52895	3.14386	2.83284	2.57497	7.44543	6.53757	5.85385	5.31262	4.86921	5.73769	5.12665	4.645	6.70142
23500	5.65796	4.6795	4.01256	3.5191	3.13458	2.82404	2.5666	7.42996	6.523	5.84001	5.29939	4.85651	5.72467	5.11433	4.63328	6.68654
23600	5.64551	4.66818	4.00209	3.50931	3.12535	2.8153	2.55829	7.41456	6.5085	5.82624	5.28623	4.84387	5.71172	5.10208	4.62161	6.67174
23700	5.63312	4.65692	3.99168	3.49957	3.11618	2.80661	2.55002	7.39924	6.49409	5.81255	5.27315	4.8313	5.69884	5.0899	4.61001	6.65701
23800	5.62079	4.64573	3.98133	3.4899	3.10706	2.79798	2.5418	7.38401	6.47975	5.79893	5.26013	4.8188	5.68603	5.07778	4.59847	6.64236
23900	5.60853	4.63459	3.97103	3.48027	3.098	2.78939	2.53363	7.36885	6.46548	5.78538	5.24718	4.80637	5.67328	5.06573	4.587	6.62779
24000	5.59634	4.62352	3.96079	3.4707	3.08898	2.78085	2.52551	7.35377	6.45129	5.7719	5.2343	4.79401	5.66061	5.05374	4.57559	6.6133
24100	5.58421	4.6125	3.95061	3.46118	3.08002	2.77236	2.51743	7.33877	6.43717	5.7585	5.22149	4.78171	5.648	5.04182	4.56424	6.59888
24200	5.57215	4.60154	3.94048	3.45172	3.07111	2.76392	2.5094	7.32384	6.42313	5.74516	5.20875	4.76948	5.63545	5.02996	4.55295	6.58453
24300	5.56015	4.59065	3.93041	3.44231	3.06225	2.75553	2.50142	7.30899	6.40916	5.7319	5.19608	4.75731	5.62298	5.01816	4.54172	6.57026
24400	5.54821	4.57981	3.9204	3.43295	3.05343	2.74719	2.49349	7.29422	6.39526	5.7187	5.18347	4.74521	5.61056	5.00643	4.53055	6.55606
24500	5.53633	4.56903	3.91044	3.42364	3.04467	2.73889	2.4856	7.27952	6.38143	5.70557	5.17093	4.73317	5.59822	4.99476	4.51944	6.54193
24600	5.52452	4.5583	3.90053	3.41439	3.03596	2.73064	2.47776	7.26489	6.36767	5.69251	5.15845	4.7212	5.58593	4.98315	4.50839	6.52788
24700	5.51277	4.54764	3.89067	3.40518	3.0273	2.72244	2.46996	7.25034	6.35398	5.67952	5.14604	4.70929	5.57371	4.9716	4.4974	6.51389
24800	5.50108	4.53703	3.88087	3.39603	3.01868	2.71428	2.4622	7.23586	6.34036	5.66659	5.13369	4.69744	5.56156	4.96011	4.48647	6.49998
24900	5.48944	4.52647	3.87112	3.38692	3.01011	2.70617	2.4545	7.22145	6.32681	5.65373	5.1214	4.68565	5.54946	4.94868	4.47559	6.48614
25000	5.47787	4.51597	3.86142	3.37786	3.00159	2.6981	2.44683	7.20712	6.31333	5.64093	5.10918	4.67392	5.53743	4.93731	4.46477	6.47237
25100	5.46636	4.50552	3.85178	3.36886	2.99311	2.69008	2.43921	7.19285	6.29992	5.6282	5.09702	4.66226	5.52545	4.92599	4.45401	6.45866
25200	5.4549	4.49513	3.84218	3.3599	2.98468	2.68211	2.43163	7.17865	6.28657	5.61554	5.08493	4.65065	5.51354	4.91474	4.4433	6.44502
25300	5.4435	4.4848	3.83264	3.35099	2.9763	2.67418	2.42409	7.16453	6.27328	5.60293	5.07289	4.63911	5.50169	4.90354	4.43265	6.43145
25400	5.43216	4.47451	3.82314	3.34212	2.96796	2.66629	2.41659	7.15047	6.26007	5.59039	5.06092	4.62762	5.4899	4.8924	4.42206	6.41795
25500	5.42088	4.46428	3.8137	3.33331	2.95967	2.65844	2.40914	7.13648	6.24692	5.57791	5.049	4.61619	5.47816	4.88132	4.41151	6.40451
25600	5.40965	4.4541	3.8043	3.32454	2.95142	2.65064	2.40173	7.12256	6.23383	5.5655	5.03715	4.60482	5.46649	4.87029	4.40102	6.39114
25700	5.39848	4.44397	3.79496	3.31582	2.94321	2.64288	2.39436	7.10871	6.22081	5.55314	5.02536	4.59351	5.45487	4.85932	4.39059	6.37784
25800	5.38737	4.43389	3.78566	3.30714	2.93506	2.63517	2.38703	7.09492	6.20785	5.54085	5.01362	4.58225	5.44331	4.8484	4.38021	6.3646
25900	5.37631	4.42387	3.77641	3.29851	2.92694	2.62749	2.37974	7.0812	6.19495	5.52862	5.00194	4.57105	5.43181	4.83754	4.36988	6.35142
26000	5.3653	4.4139	3.76721	3.28992	2.91887	2.61986	2.37249	7.06755	6.18212	5.51645	4.99032	4.55991	5.42037	4.82673	4.3596	6.33831
26100	5.35435	4.40397	3.75805	3.28138	2.91084	2.61226	2.36528	7.05396	6.16935	5.50433	4.97876	4.54882	5.40898	4.81597	4.34938	6.32526
26200	5.34345	4.3941	3.74894	3.27288	2.90285	2.60471	2.3581	7.04043	6.15664	5.49228	4.96726	4.53779	5.39764	4.80527	4.3392	6.31227
26300	5.33261	4.38427	3.73988	3.26443	2.8949	2.5972	2.35097	7.02697	6.14399	5.48028	4.95581	4.52682	5.38637	4.79463	4.32908	6.29935
26400	5.32182	4.37449	3.73086	3.25602	2.887	2.58973	2.34388	7.01357	6.1314	5.46835	4.94442	4.51589	5.37514	4.78403	4.31901	6.28649
26500	5.31108	4.36477	3.72189	3.24766	2.87914	2.5823	2.33682	7.00024	6.11887	5.45647	4.93308	4.50502	5.36397	4.77349	4.30898	6.27369
26600	5.30039	4.35509	3.71297	3.23933	2.87131	2.5749	2.32981	6.98696	6.1064	5.44464	4.9218	4.49421	5.35286	4.76299	4.29901	6.26095
26700	5.28975	4.34546	3.70409	3.23105	2.86353	2.56755	2.32283	6.97375	6.09399	5.43288	4.91057	4.48344	5.3418	4.75255	4.28909	6.24826
26800	5.27917	4.33587	3.69525	3.22282	2.85579	2.56024	2.31588	6.9606	6.08164	5.42117	4.8994	4.47274	5.33079	4.74216	4.27921	6.23564
26900	5.26863	4.32633	3.68646	3.21462	2.84809	2.55296	2.30898	6.94751	6.06935	5.40951	4.88828	4.46208	5.31983	4.73182	4.26939	6.22308
27000	5.25815	4.31684	3.67771	3.20646	2.84043	2.54572	2.30211	6.93448	6.05711	5.39791	4.87721	4.45147	5.30893	4.72153	4.25961	6.21058
27100	5.24772	4.30739	3.669	3.19835	2.83281	2.53852	2.29528	6.92152	6.04493	5.38637	4.8662	4.44091	5.29808	4.71129	4.24988	6.19813
27200	5.23733	4.29799	3.66034	3.19028	2.82523	2.53136	2.28848	6.90861	6.03281	5.37488	4.85524	4.43041	5.28728	4.7011	4.24019	6.18574
27300	5.22699	4.28864	3.65172	3.18224	2.81768	2.52423	2.28172	6.89576	6.02074	5.36344	4.84433	4.41995	5.27652	4.69095	4.23055	6.17341
27400	5.21671	4.27933	3.64314	3.17425	2.81017	2.51714	2.27499	6.88297	6.00873	5.35206	4.83347	4.40955	5.26582	4.68086	4.22096	6.16114
27500	5.20646	4.27006	3.63461	3.1663	2.80271	2.51009	2.2683	6.87023	5.99677	5.34072	4.82266	4.39919	5.25517	4.67081	4.21141	6.14892
27600	5.19627	4.26084	3.62611	3.15838	2.79527	2.50307	2.26165	6.85755	5.98487	5.32945	4.81191	4.38889	5.24457	4.66081	4.20191	6.13675
27700	5.18613	4.25166	3.61766	3.15051	2.78788	2.49609	2.25502	6.84493	5.97302	5.31822	4.8012	4.37863	5.23402	4.65085	4.19246	6.12465
27800	5.17603	4.24253	3.60925	3.14267	2.78052	2.48914	2.24844	6.83237	5.96123	5.30704	4.79055	4.36842	5.22352	4.64095	4.18305	6.11259
27900	5.16598	4.23344	3.60087	3.13487	2.7732	2.48223	2.24188	6.81986	5.94949	5.29592	4.77994	4.35826	5.21306	4.63109	4.17368	6.1006
28000	5.15597	4.22439	3.59254	3.12711	2.76592	2.47535	2.23536	6.80741	5.9378	5.28485	4.76938	4.34814	5.20266	4.62127	4.16436	6.08865
28100	5.14602	4.21539	3.58425	3.11939	2.75867	2.46851	2.22887	6.79502	5.92617	5.27383	4.75887	4.33808	5.1923	4.6115	4.15508	6.07676
28200	5.1361	4.20642	3.576	3.11171	2.75146	2.4617	2.22242	6.78268	5.91459	5.26286	4.74841	4.32806	5.18199	4.60178	4.14585	6.06493
28300	5.12623	4.1975	3.56779	3.10406	2.74429	2.45493	2.216	6.77039	5.90306	5.25193	4.738	4.31808	5.17172	4.5921	4.13666	6.05314
28400	5.11641	4.18862	3.55961	3.09645	2.73714	2.44819	2.20961	6.75816	5.89158	5.24106	4.72764	4.30816	5.1615	4.58246	4.12751	6.04141
28500	5.10663	4.17978	3.55148	3.08888	2.73004	2.44149	2.20326	6.74598	5.88015	5.23024	4.71732	4.29827	5.15133	4.57287	4.1184	6.02973
28600	5.0969	4.17098	3.54338	3.08134	2.72297	2.43482	2.19693	6.73385	5.86877	5.21946	4.70705	4.28844	5.14121	4.56333	4.10934	6.0181
28700	5.08721	4.16223	3.53532	3.07384	2.71593	2.42818	2.19064	6.72178	5.85745	5.20873	4.69682	4.27864	5.13112	4.55382	4.10032	6.00652
28800	5.07756	4.15351	3.5273	3.06637	2.70893	2.42157	2.18438	6.70976	5.84617	5.19806	4.68664	4.2689	5.12109	4.54436	4.09134	5.995
28900	5.06796	4.14483	3.51932	3.05895	2.70196	2.415	2.17815	6.69779	5.83494	5.18742	4.67651	4.2592	5.1111	4.53494	4.0824	5.98352
29000	5.05839	4.13619	3.51137	3.05155	2.69503	2.40846	2.17195	6.68587	5.82376	5.17684	4.66642	4.24954	5.10115	4.52557	4.0735	5.9721
29100	5.04887	4.1276	3.50346	3.04419	2.68812	2.40194	2.16579	6.67401	5.81263	5.1663	4.65638	4.23992	5.09125	4.51624	4.06464	5.96072
29200	5.0394	4.11904	3.49559	3.03687	2.68126	2.39547	2.15965	6.66219	5.80155	5.15581	4.64638	4.23035	5.08139	4.50694	4.05582	5.94939
29300	5.02996	4.11052	3.48775	3.02958	2.67442	2.38902	2.15354	6.65043	5.79052	5.14536	4.63643	4.22082	5.07158	4.4977	4.04704	5.93812
29400	5.02057	4.10203	3.47995	3.02232	2.66762	2.3826	2.14747	6.63871	5.77953	5.13496	4.62652	4.21133	5.0618	4.48849	4.0383	5.92689
29500	5.01122	4.09359	3.47219	3.0151	2.66085	2.37622	2.14142	6.62705	5.76859	5.12461	4.61666	4.20189	5.05208	4.47932	4.02961	5.91571
29600	5.0019	4.08518	3.46446	3.00791	2.65411	2.36987	2.1354	6.61543	5.7577	5.1143	4.60683	4.19249	5.04239	4.47019	4.02094	5.90457
29700	4.99263	4.07681	3.45676	3.00075	2.6474	2.36354	2.12942	6.60387	5.74685	5.10403	4.59705	4.18313	5.03274	4.4611	4.01232	5.89349
29800	4.9834	4.06848	3.4491	2.99363	2.64073	2.35725	2.12346	6.59235	5.73606	5.09381	4.58732	4.17381	5.02314	4.45206	4.00374	5.88245
29900	4.97421	4.06018	3.44148	2.98654	2.63408	2.35099	2.11753	6.58088	5.7253	5.08364	4.57762	4.16453	5.01358	4.44305	3.99519	5.87146
30000	4.96506	4.05192	3.43389	2.97948	2.62747	2.34476	2.11163	6.56945	5.71459	5.0735	4.56797	4.15529	5.00406	4.43408	3.98668	5.86051
30100	4.95595	4.0437	3.42633	2.97246	2.62089	2.33855	2.10575	6.55808	5.70393	5.06341	4.55836	4.1461	4.99458	4.42515	3.97821	5.84961
30200	4.94688	4.03552	3.4188	2.96547	2.61433	2.33238	2.09991	6.54675	5.69331	5.05337	4.54879	4.13694	4.98514	4.41626	3.96978	5.83876
30300	4.93784	4.02736	3.41132	2.95851	2.60781	2.32623	2.09409	6.53547	5.68274	5.04336	4.53927	4.12782	4.97574	4.40741	3.96138	5.82795
30400	4.92884	4.01925	3.40386	2.95158	2.60132	2.32012	2.08831	6.52424	5.67221	5.0334	4.52978	4.11875	4.96638	4.39859	3.95302	5.81719
30500	4.91989	4.01117	3.39644	2.94468	2.59486	2.31403	2.08255	6.51305	5.66172	5.02348	4.52033	4.10971	4.95706	4.38982	3.9447	5.80647
30600	4.91097	4.00312	3.38905	2.93781	2.58843	2.30797	2.07681	6.50191	5.65128	5.0136	4.51093	4.10071	4.94778	4.38108	3.93642	5.79579
30700	4.90209	3.99512	3.38169	2.93098	2.58203	2.30194	2.07111	6.49081	5.64088	5.00376	4.50156	4.09175	4.93854	4.37238	3.92816	5.78516
30800	4.89324	3.98714	3.37437	2.92417	2.57565	2.29594	2.06543	6.47976	5.63053	4.99397	4.49223	4.08283	4.92934	4.36372	3.91995	5.77458
30900	4.88443	3.9792	3.36707	2.9174	2.56931	2.28996	2.05977	6.46875	5.62022	4.98421	4.48295	4.07394	4.92018	4.35509	3.91177	5.76403
31000	4.87566	3.97129	3.35981	2.91065	2.563	2.28401	2.05415	6.45779	5.60995	4.9745	4.4737	4.0651	4.91105	4.3465	3.90362	5.75353
31100	4.86693	3.96342	3.35258	2.90394	2.55671	2.27809	2.04855	6.44687	5.59972	4.96483	4.46449	4.05629	4.90197	4.33794	3.89551	5.74308
31200	4.85823	3.95558	3.34539	2.89725	2.55045	2.2722	2.04297	6.436	5.58953	4.95519	4.45532	4.04752	4.89292	4.32942	3.88744	5.73266
31300	4.84957	3.94777	3.33822	2.8906	2.54422	2.26634	2.03743	6.42517	5.57939	4.9456	4.44619	4.03878	4.88391	4.32094	3.8794	5.72229
31400	4.84094	3.94	3.33109	2.88397	2.53802	2.2605	2.03191	6.41438	5.56928	4.93605	4.4371	4.03009	4.87493	4.3125	3.87139	5.71196
31500	4.83235	3.93226	3.32398	2.87738	2.53185	2.25469	2.02641	6.40364	5.55922	4.92653	4.42804	4.02143	4.86599	4.30408	3.86342	5.70167
31600	4.8238	3.92455	3.31691	2.87081	2.5257	2.2489	2.02094	6.39294	5.5492	4.91706	4.41902	4.0128	4.85709	4.29571	3.85548	5.69143
31700	4.81528	3.91688	3.30986	2.86427	2.51958	2.24314	2.01549	6.38228	5.53922	4.90762	4.41004	4.00422	4.84823	4.28737	3.84757	5.68122
31800	4.8068	3.90923	3.30285	2.85776	2.51349	2.23741	2.01007	6.37166	5.52927	4.89822	4.4011	3.99566	4.8394	4.27906	3.8397	5.67106
31900	4.79835	3.90162	3.29587	2.85128	2.50743	2.2317	2.00468	6.36109	5.51937	4.88886	4.39219	3.98715	4.83061	4.27079	3.83186	5.66094
32000	4.78993	3.89404	3.28891	2.84483	2.50139	2.22602	1.99931	6.35056	5.50951	4.87953	4.38332	3.97867	4.82185	4.26255	3.82405	5.65085
32100	4.78155	3.88649	3.28199	2.8384	2.49538	2.22036	1.99396	6.34006	5.49969	4.87025	4.37448	3.97022	4.81313	4.25434	3.81628	5.64081
32200	4.7732	3.87898	3.2751	2.832	2.48939	2.21473	1.98864	6.32961	5.4899	4.861	4.36568	3.96181	4.80444	4.24617	3.80854	5.6308
32300	4.76488	3.87149	3.26823	2.82563	2.48344	2.20913	1.98334	6.3192	5.48015	4.85179	4.35692	3.95343	4.79579	4.23803	3.80083	5.62084
32400	4.7566	3.86404	3.26139	2.81929	2.4775	2.20355	1.97807	6.30883	5.47044	4.84261	4.34819	3.94509	4.78718	4.22993	3.79315	5.61091
32500	4.74836	3.85661	3.25458	2.81297	2.4716	2.19799	1.97282	6.2985	5.46077	4.83347	4.3395	3.93678	4.77859	4.22185	3.7855	5.60102
32600	4.74014	3.84922	3.2478	2.80668	2.46571	2.19246	1.96759	6.28821	5.45114	4.82437	4.33084	3.9285	4.77004	4.21381	3.77788	5.59118
32700	4.73196	3.84185	3.24105	2.80042	2.45986	2.18695	1.96239	6.27796	5.44155	4.81531	4.32222	3.92026	4.76153	4.20581	3.7703	5.58136
32800	4.72381	3.83452	3.23433	2.79418	2.45403	2.18147	1.95721	6.26775	5.43199	4.80628	4.31363	3.91206	4.75305	4.19783	3.76274	5.57159
32900	4.71569	3.82721	3.22763	2.78797	2.44822	2.17601	1.95206	6.25757	5.42247	4.79728	4.30508	3.90388	4.7446	4.18989	3.75522	5.56186
33000	4.7076	3.81994	3.22096	2.78179	2.44244	2.17057	1.94692	6.24744	5.41299	4.78832	4.29655	3.89574	4.73619	4.18198	3.74773	5.55216
33100	4.69955	3.81269	3.21432	2.77563	2.43669	2.16516	1.94181	6.23734	5.40354	4.7794	4.28807	3.88763	4.72781	4.17409	3.74026	5.5425
33200	4.69153	3.80547	3.20771	2.7695	2.43096	2.15978	1.93672	6.22729	5.39413	4.77051	4.27961	3.87955	4.71946	4.16624	3.73283	5.53288
33300	4.68353	3.79829	3.20112	2.7634	2.42525	2.15441	1.93166	6.21727	5.38476	4.76165	4.27119	3.87151	4.71114	4.15843	3.72543	5.52329
33400	4.67557	3.79113	3.19456	2.75732	2.41957	2.14907	1.92661	6.20729	5.37542	4.75283	4.26281	3.86349	4.70286	4.15064	3.71806	5.51374
33500	4.66765	3.784	3.18803	2.75126	2.41391	2.14375	1.92159	6.19734	5.36611	4.74404	4.25446	3.85551	4.69461	4.14288	3.71071	5.50423
33600	4.65975	3.7769	3.18153	2.74523	2.40828	2.13846	1.9166	6.18743	5.35685	4.73529	4.24613	3.84756	4.68639	4.13516	3.7034	5.49475
33700	4.65188	3.76982	3.17505	2.73922	2.40267	2.13319	1.91162	6.17757	5.34762	4.72657	4.23785	3.83965	4.6782	4.12746	3.69611	5.48531
33800	4.64404	3.76278	3.16859	2.73325	2.39708	2.12794	1.90666	6.16773	5.33842	4.71789	4.22959	3.83176	4.67005	4.1198	3.68886	5.47591
33900	4.63624	3.75576	3.16217	2.72729	2.39152	2.12271	1.90173	6.15794	5.32925	4.70924	4.22136	3.8239	4.66192	4.11216	3.68163	5.46654
34000	4.62846	3.74877	3.15577	2.72136	2.38598	2.1175	1.89682	6.14818	5.32013	4.70062	4.21317	3.81608	4.65383	4.10456	3.67443	5.4572
34100	4.62071	3.74181	3.14939	2.71545	2.38046	2.11232	1.89193	6.13845	5.31103	4.69203	4.20501	3.80828	4.64577	4.09698	3.66726	5.4479
34200	4.61299	3.73487	3.14304	2.70957	2.37497	2.10716	1.88706	6.12876	5.30197	4.68348	4.19688	3.80052	4.63773	4.08943	3.66011	5.43864
34300	4.6053	3.72796	3.13671	2.70371	2.3695	2.10202	1.88221	6.11911	5.29295	4.67495	4.18878	3.79279	4.62973	4.08191	3.653	5.42941
34400	4.59764	3.72108	3.13042	2.69788	2.36405	2.09691	1.87738	6.10949	5.28396	4.66647	4.18072	3.78508	4.62176	4.07442	3.64591	5.42021
34500	4.59002	3.71422	3.12414	2.69206	2.35862	2.09181	1.87257	6.09991	5.275	4.65801	4.17268	3.77741	4.61382	4.06696	3.63885	5.41105
34600	4.58241	3.7074	3.11789	2.68628	2.35322	2.08674	1.86779	6.09037	5.26607	4.64958	4.16467	3.76976	4.60591	4.05953	3.63182	5.40192
34700	4.57484	3.70059	3.11167	2.68051	2.34784	2.08168	1.86302	6.08085	5.25718	4.64119	4.1567	3.76215	4.59803	4.05213	3.62481	5.39282
34800	4.5673	3.69382	3.10547	2.67477	2.34248	2.07665	1.85827	6.07138	5.24832	4.63283	4.14875	3.75456	4.59018	4.04475	3.61784	5.38376
34900	4.55978	3.68707	3.09929	2.66905	2.33715	2.07164	1.85355	6.06193	5.23949	4.6245	4.14084	3.74701	4.58235	4.03741	3.61089	5.37473
35000	4.55229	3.68035	3.09314	2.66336	2.33183	2.06665	1.84884	6.05252	5.2307	4.6162	4.13295	3.73948	4.57456	4.03009	3.60396	5.36574
35100	4.54483	3.67365	3.08701	2.65769	2.32654	2.06168	1.84416	6.04315	5.22193	4.60793	4.12509	3.73198	4.5668	4.02279	3.59706	5.35678
35200	4.5374	3.66697	3.08091	2.65204	2.32126	2.05673	1.83949	6.03381	5.2132	4.59969	4.11727	3.72451	4.55906	4.01553	3.59019	5.34785
35300	4.52999	3.66033	3.07483	2.64641	2.31601	2.0518	1.83485	6.0245	5.2045	4.59148	4.10947	3.71706	4.55136	4.00829	3.58335	5.33895
35400	4.52262	3.6537	3.06877	2.6408	2.31078	2.0469	1.83022	6.01522	5.19583	4.5833	4.1017	3.70965	4.54368	4.00108	3.57653	5.33008
35500	4.51527	3.64711	3.06273	2.63522	2.30558	2.04201	1.82561	6.00598	5.1872	4.57515	4.09396	3.70226	4.53603	3.9939	3.56973	5.32125
35600	4.50794	3.64053	3.05673	2.62966	2.30039	2.03714	1.82102	5.99677	5.17859	4.56703	4.08625	3.6949	4.5284	3.98674	3.56296	5.31245
35700	4.50065	3.63399	3.05074	2.62412	2.29522	2.03229	1.81645	5.98759	5.17002	4.55894	4.07857	3.68757	4.52081	3.97961	3.55622	5.30368
35800	4.49338	3.62746	3.04477	2.6186	2.29007	2.02746	1.8119	5.97845	5.16147	4.55088	4.07091	3.68027	4.51324	3.97251	3.5495	5.29494
35900	4.48613	3.62097	3.03883	2.61311	2.28495	2.02266	1.80737	5.96933	5.15296	4.54285	4.06329	3.67299	4.5057	3.96543	3.54281	5.28623
36000	4.47892	3.61449	3.03291	2.60763	2.27984	2.01787	1.80286	5.96025	5.14448	4.53485	4.05569	3.66574	4.49819	3.95838	3.53614	5.27755
36100	4.47173	3.60804	3.02702	2.60218	2.27476	2.0131	1.79836	5.9512	5.13603	4.52688	4.04812	3.65852	4.49071	3.95135	3.5295	5.26891
36200	4.46456	3.60162	3.02115	2.59675	2.2697	2.00835	1.79389	5.94219	5.1276	4.51893	4.04058	3.65132	4.48325	3.94435	3.52288	5.26029
36300	4.45742	3.59521	3.01529	2.59134	2.26465	2.00362	1.78943	5.9332	5.11921	4.51102	4.03306	3.64415	4.47582	3.93738	3.51629	5.25171
36400	4.45031	3.58883	3.00947	2.58595	2.25963	1.9989	1.78499	5.92425	5.11085	4.50313	4.02558	3.63701	4.46842	3.93043	3.50972	5.24315
36500	4.44322	3.58248	3.00366	2.58058	2.25462	1.99421	1.78057	5.91532	5.10251	4.49527	4.01812	3.62989	4.46104	3.92351	3.50318	5.23463
36600	4.43616	3.57615	2.99787	2.57523	2.24964	1.98954	1.77617	5.90643	5.09421	4.48744	4.01068	3.6228	4.45369	3.91661	3.49666	5.22613
36700	4.42912	3.56984	2.99211	2.5699	2.24467	1.98488	1.77178	5.89757	5.08593	4.47964	4.00328	3.61574	4.44636	3.90974	3.49016	5.21767
36800	4.42211	3.56355	2.98637	2.5646	2.23972	1.98025	1.76742	5.88874	5.07769	4.47186	3.9959	3.6087	4.43907	3.90289	3.48369	5.20923
36900	4.41512	3.55729	2.98065	2.55931	2.2348	1.97563	1.76307	5.87994	5.06947	4.46412	3.98854	3.60169	4.43179	3.89607	3.47724	5.20083
37000	4.40816	3.55105	2.97495	2.55404	2.22989	1.97103	1.75874	5.87117	5.06128	4.4564	3.98122	3.5947	4.42455	3.88927	3.47082	5.19245
37100	4.40122	3.54484	2.96927	2.5488	2.225	1.96644	1.75442	5.86243	5.05312	4.4487	3.97391	3.58774	4.41732	3.8825	3.46442	5.1841
37200	4.39431	3.53864	2.96362	2.54357	2.22013	1.96188	1.75013	5.85372	5.04499	4.44104	3.96664	3.5808	4.41013	3.87575	3.45804	5.17578
37300	4.38742	3.53247	2.95798	2.53836	2.21528	1.95734	1.74585	5.84504	5.03689	4.4334	3.95939	3.57389	4.40296	3.86902	3.45168	5.16749
37400	4.38056	3.52632	2.95237	2.53317	2.21045	1.95281	1.74158	5.83638	5.02881	4.42579	3.95217	3.567	4.39581	3.86232	3.44535	5.15923
37500	4.37372	3.52019	2.94677	2.52801	2.20564	1.9483	1.73734	5.82776	5.02076	4.4182	3.94497	3.56014	4.3887	3.85564	3.43904	5.151
37600	4.3669	3.51409	2.9412	2.52286	2.20084	1.94381	1.73311	5.81917	5.01274	4.41064	3.9378	3.5533	4.3816	3.84899	3.43276	5.14279
37700	4.36011	3.508	2.93565	2.51773	2.19606	1.93933	1.7289	5.8106	5.00475	4.40311	3.93065	3.54648	4.37453	3.84235	3.42649	5.13461
37800	4.35334	3.50194	2.93011	2.51262	2.19131	1.93487	1.72471	5.80207	4.99678	4.3956	3.92353	3.5397	4.36748	3.83575	3.42025	5.12646
37900	4.34659	3.4959	2.9246	2.50753	2.18657	1.93043	1.72053	5.79356	4.98884	4.38812	3.91643	3.53293	4.36046	3.82916	3.41403	5.11834
38000	4.33987	3.48988	2.91911	2.50245	2.18184	1.92601	1.71637	5.78508	4.98093	4.38067	3.90936	3.52619	4.35346	3.8226	3.40783	5.11025
38100	4.33317	3.48388	2.91364	2.4974	2.17714	1.9216	1.71222	5.77663	4.97305	4.37324	3.90232	3.51947	4.34649	3.81607	3.40166	5.10218
38200	4.3265	3.47791	2.90818	2.49237	2.17245	1.91721	1.70809	5.76821	4.96519	4.36583	3.89529	3.51278	4.33954	3.80955	3.39551	5.09414
38300	4.31984	3.47195	2.90275	2.48735	2.16778	1.91284	1.70398	5.75981	4.95736	4.35846	3.88829	3.50611	4.33262	3.80306	3.38937	5.08613
38400	4.31321	3.46602	2.89734	2.48236	2.16313	1.90849	1.69988	5.75145	4.94955	4.3511	3.88132	3.49946	4.32571	3.79659	3.38327	5.07814
38500	4.30661	3.46011	2.89194	2.47738	2.1585	1.90415	1.6958	5.74311	4.94177	4.34377	3.87437	3.49284	4.31884	3.79014	3.37718	5.07018
38600	4.30002	3.45421	2.88657	2.47241	2.15388	1.89983	1.69174	5.73479	4.93402	4.33647	3.86744	3.48624	4.31198	3.78371	3.37111	5.06225
38700	4.29346	3.44834	2.88121	2.46747	2.14928	1.89552	1.68769	5.72651	4.92629	4.32919	3.86054	3.47966	4.30515	3.77731	3.36506	5.05434
38800	4.28692	3.44249	2.87588	2.46255	2.1447	1.89123	1.68366	5.71825	4.91859	4.32194	3.85366	3.4731	4.29834	3.77093	3.35904	5.04646
38900	4.2804	3.43666	2.87056	2.45764	2.14014	1.88696	1.67964	5.71002	4.91091	4.31471	3.84681	3.46657	4.29156	3.76457	3.35304	5.03861
39000	4.2739	3.43085	2.86526	2.45275	2.13559	1.8827	1.67564	5.70182	4.90326	4.3075	3.83998	3.46006	4.28479	3.75823	3.34706	5.03078
39100	4.26743	3.42506	2.85998	2.44788	2.13106	1.87846	1.67165	5.69364	4.89563	4.30032	3.83317	3.45357	4.27805	3.75192	3.34109	5.02298
39200	4.26097	3.41928	2.85472	2.44303	2.12654	1.87424	1.66768	5.68549	4.88803	4.29316	3.82638	3.44711	4.27134	3.74562	3.33515	5.0152
39300	4.25454	3.41353	2.84948	2.43819	2.12205	1.87003	1.66373	5.67736	4.88046	4.28603	3.81962	3.44067	4.26464	3.73935	3.32923	5.00745
39400	4.24813	3.4078	2.84426	2.43337	2.11756	1.86584	1.65979	5.66927	4.87291	4.27892	3.81288	3.43425	4.25797	3.7331	3.32333	4.99972
39500	4.24174	3.40209	2.83905	2.42857	2.1131	1.86166	1.65586	5.66119	4.86538	4.27183	3.80616	3.42785	4.25132	3.72687	3.31745	4.99202
39600	4.23538	3.3964	2.83386	2.42379	2.10865	1.8575	1.65195	5.65315	4.85788	4.26477	3.79947	3.42147	4.24469	3.72066	3.31159	4.98435
39700	4.22903	3.39073	2.8287	2.41902	2.10422	1.85336	1.64805	5.64513	4.8504	4.25773	3.7928	3.41512	4.23809	3.71447	3.30575	4.9767
39800	4.22271	3.38507	2.82355	2.41427	2.0998	1.84922	1.64417	5.63713	4.84295	4.25072	3.78615	3.40879	4.2315	3.70831	3.29993	4.96907
39900	4.2164	3.37944	2.81841	2.40954	2.0954	1.84511	1.64031	5.62916	4.83552	4.24373	3.77952	3.40247	4.22494	3.70216	3.29413	4.96147
40000	4.21012	3.37382	2.8133	2.40483	2.09102	1.84101	1.63646	5.62122	4.82812	4.23675	3.77292	3.39619	4.2184	3.69603	3.28835	4.9539
40100	4.20386	3.36823	2.8082	2.40013	2.08665	1.83693	1.63262	5.6133	4.82074	4.22981	3.76633	3.38992	4.21188	3.68993	3.28259	4.94634
40200	4.19762	3.36265	2.80312	2.39544	2.0823	1.83286	1.6288	5.60541	4.81338	4.22288	3.75977	3.38367	4.20538	3.68384	3.27685	4.93881
40300	4.1914	3.35709	2.79806	2.39078	2.07796	1.8288	1.62499	5.59754	4.80605	4.21598	3.75323	3.37744	4.19891	3.67778	3.27113	4.93131
40400	4.1852	3.35155	2.79301	2.38613	2.07364	1.82476	1.6212	5.5897	4.79874	4.20911	3.74672	3.37123	4.19245	3.67173	3.26543	4.92383
40500	4.17902	3.34603	2.78799	2.3815	2.06934	1.82074	1.61742	5.58188	4.79145	4.20225	3.74022	3.36505	4.18602	3.66571	3.25975	4.91638
40600	4.17286	3.34053	2.78298	2.37688	2.06505	1.81673	1.61365	5.57408	4.78419	4.19541	3.73375	3.35889	4.1796	3.65971	3.25408	4.90894
40700	4.16671	3.33505	2.77798	2.37228	2.06078	1.81273	1.6099	5.56631	4.77695	4.1886	3.72729	3.35274	4.17321	3.65372	3.24844	4.90154
40800	4.16059	3.32958	2.77301	2.36769	2.05652	1.80875	1.60616	5.55857	4.76973	4.18181	3.72086	3.34662	4.16684	3.64776	3.24281	4.89415
40900	4.15449	3.32413	2.76805	2.36313	2.05227	1.80479	1.60244	5.55085	4.76254	4.17504	3.71445	3.34052	4.16049	3.64181	3.2372	4.88679
41000	4.14841	3.31871	2.76311	2.35857	2.04805	1.80084	1.59873	5.54315	4.75537	4.1683	3.70806	3.33443	4.15416	3.63588	3.23161	4.87945
41100	4.14235	3.31329	2.75818	2.35404	2.04383	1.7969	1.59504	5.53547	4.74822	4.16157	3.70169	3.32837	4.14785	3.62998	3.22604	4.87214
41200	4.13631	3.3079	2.75327	2.34952	2.03963	1.79298	1.59136	5.52783	4.7411	4.15487	3.69534	3.32233	4.14156	3.62409	3.22049	4.86484
41300	4.13029	3.30252	2.74838	2.34501	2.03545	1.78907	1.58769	5.5202	4.73399	4.14819	3.68901	3.3163	4.13529	3.61822	3.21496	4.85757
41400	4.12428	3.29717	2.74351	2.34052	2.03128	1.78517	1.58403	5.5126	4.72691	4.14153	3.6827	3.3103	4.12904	3.61237	3.20944	4.85033
41500	4.1183	3.29183	2.73865	2.33605	2.02713	1.78129	1.58039	5.50502	4.71985	4.13489	3.67642	3.30432	4.12281	3.60654	3.20395	4.8431
41600	4.11233	3.2865	2.73381	2.33159	2.02299	1.77743	1.57676	5.49746	4.71282	4.12827	3.67015	3.29835	4.1166	3.60073	3.19847	4.8359
41700	4.10639	3.2812	2.72898	2.32714	2.01886	1.77357	1.57315	5.48993	4.7058	4.12167	3.6639	3.29241	4.11041	3.59494	3.19301	4.82872
41800	4.10046	3.27591	2.72417	2.32272	2.01475	1.76974	1.56955	5.48242	4.69881	4.1151	3.65768	3.28648	4.10424	3.58916	3.18756	4.82156
41900	4.09455	3.27064	2.71938	2.3183	2.01065	1.76591	1.56596	5.47493	4.69184	4.10854	3.65147	3.28058	4.09809	3.58341	3.18214	4.81443
42000	4.08866	3.26538	2.7146	2.31391	2.00657	1.7621	1.56238	5.46747	4.68489	4.10201	3.64528	3.27469	4.09195	3.57767	3.17673	4.80732
42100	4.08279	3.26015	2.70984	2.30952	2.0025	1.7583	1.55882	5.46003	4.67796	4.09549	3.63911	3.26882	4.08584	3.57195	3.17134	4.80023
42200	4.07694	3.25493	2.70509	2.30515	1.99845	1.75452	1.55527	5.45261	4.67105	4.089	3.63297	3.26297	4.07975	3.56625	3.16597	4.79316
42300	4.0711	3.24972	2.70036	2.3008	1.99441	1.75074	1.55174	5.44521	4.66417	4.08252	3.62684	3.25714	4.07367	3.56057	3.16061	4.78611
42400	4.06529	3.24454	2.69564	2.29646	1.99039	1.74699	1.54821	5.43783	4.6573	4.07607	3.62073	3.25133	4.06762	3.5549	3.15527	4.77908
42500	4.05949	3.23937	2.69094	2.29214	1.98637	1.74324	1.5447	5.43048	4.65046	4.06963	3.61464	3.24554	4.06158	3.54926	3.14995	4.77208
42600	4.05371	3.23421	2.68626	2.28783	1.98237	1.73951	1.5412	5.42315	4.64363	4.06322	3.60857	3.23977	4.05556	3.54363	3.14465	4.76509
42700	4.04795	3.22907	2.68159	2.28353	1.97839	1.73579	1.53771	5.41584	4.63683	4.05683	3.60252	3.23401	4.04956	3.53802	3.13936	4.75813
42800	4.0422	3.22396	2.67694	2.27925	1.97442	1.73209	1.53424	5.40856	4.63005	4.05045	3.59648	3.22827	4.04358	3.53242	3.13409	4.75119
42900	4.03647	3.21885	2.6723	2.27499	1.97046	1.72839	1.53078	5.40129	4.62329	4.0441	3.59047	3.22255	4.03762	3.52685	3.12884	4.74427
43000	4.03076	3.21376	2.66768	2.27073	1.96652	1.72472	1.52733	5.39405	4.61655	4.03776	3.58448	3.21685	4.03168	3.52129	3.1236	4.73737
43100	4.02507	3.20869	2.66307	2.26649	1.96259	1.72105	1.52389	5.38683	4.60983	4.03145	3.5785	3.21117	4.02575	3.51575	3.11838	4.73049
43200	4.0194	3.20363	2.65847	2.26227	1.95867	1.7174	1.52047	5.37963	4.60313	4.02515	3.57254	3.20551	4.01984	3.51023	3.11318	4.72363
43300	4.01374	3.1986	2.65389	2.25806	1.95477	1.71375	1.51706	5.37245	4.59645	4.01887	3.5666	3.19986	4.01395	3.50472	3.10799	4.7168
43400	4.0081	3.19357	2.64933	2.25386	1.95088	1.71013	1.51366	5.36529	4.58979	4.01261	3.56068	3.19423	4.00808	3.49923	3.10282	4.70998
43500	4.00248	3.18856	2.64478	2.24968	1.947	1.70651	1.51027	5.35815	4.58315	4.00638	3.55478	3.18862	4.00223	3.49376	3.09767	4.70318
43600	3.99688	3.18357	2.64025	2.24551	1.94314	1.70291	1.5069	5.35104	4.57653	4.00016	3.5489	3.18302	3.99639	3.4883	3.09253	4.69641
43700	3.99129	3.17859	2.63573	2.24136	1.93929	1.69931	1.50353	5.34394	4.56993	3.99396	3.54303	3.17745	3.99058	3.48286	3.08741	4.68965
43800	3.98572	3.17363	2.63122	2.23722	1.93545	1.69574	1.50018	5.33687	4.56335	3.98777	3.53718	3.17189	3.98477	3.47744	3.0823	4.68291
43900	3.98016	3.16869	2.62673	2.23309	1.93162	1.69217	1.49684	5.32981	4.55679	3.98161	3.53135	3.16634	3.97899	3.47204	3.07721	4.6762
44000	3.97463	3.16376	2.62226	2.22898	1.92781	1.68862	1.49351	5.32278	4.55025	3.97546	3.52554	3.16082	3.97323	3.46665	3.07214	4.6695
44100	3.96911	3.15884	2.6178	2.22488	1.92401	1.68507	1.49019	5.31577	4.54373	3.96934	3.51975	3.15531	3.96748	3.46128	3.06708	4.66282
44200	3.9636	3.15394	2.61335	2.22079	1.92023	1.68154	1.48689	5.30878	4.53722	3.96323	3.51397	3.14982	3.96175	3.45592	3.06204	4.65617
44300	3.95812	3.14906	2.60891	2.21672	1.91645	1.67803	1.48359	5.3018	4.53074	3.95714	3.50821	3.14435	3.95603	3.45058	3.05701	4.64953
44400	3.95265	3.14419	2.60449	2.21266	1.91269	1.67452	1.48031	5.29485	4.52428	3.95107	3.50247	3.13889	3.95034	3.44526	3.052	4.64291
44500	3.94719	3.13933	2.60009	2.20861	1.90894	1.67103	1.47704	5.28792	4.51783	3.94502	3.49675	3.13345	3.94466	3.43995	3.04701	4.63631
44600	3.94175	3.13449	2.5957	2.20458	1.9052	1.66754	1.47378	5.28101	4.5114	3.93898	3.49104	3.12803	3.939	3.43466	3.04203	4.62973
44700	3.93633	3.12967	2.59132	2.20055	1.90148	1.66407	1.47053	5.27412	4.505	3.93296	3.48535	3.12262	3.93335	3.42939	3.03706	4.62317
44800	3.93092	3.12486	2.58696	2.19655	1.89777	1.66062	1.46729	5.26724	4.49861	3.92696	3.47968	3.11723	3.92772	3.42413	3.03211	4.61663
44900	3.92553	3.12006	2.58261	2.19255	1.89407	1.65717	1.46407	5.26039	4.49224	3.92098	3.47402	3.11186	3.92211	3.41889	3.02718	4.61011
45000	3.92016	3.11528	2.57827	2.18857	1.89038	1.65373	1.46085	5.25356	4.48588	3.91502	3.46838	3.1065	3.91651	3.41366	3.02226	4.60361