300	55.9282	53.6347	51.8323	50.3337	49.0427	47.9032	46.8789	62.0423	60.4984	59.2261	58.139	57.1867	56.874	55.495	54.3115	61.1027
400	53.9059	51.511	49.6206	48.0427	46.6784	45.4697	44.3795	60.2333	58.6324	57.31	56.1774	55.1831	54.8446	53.4012	52.1587	59.239
500	52.2734	49.7894	47.8209	46.1716	44.7406	43.4684	42.317	58.7826	57.1325	55.7665	54.5942	53.5629	53.2026	51.7021	50.4067	57.7405
600	50.8929	48.3279	46.2875	44.572	43.0782	41.7457	40.5356	57.5633	55.8692	54.4638	53.2553	52.1901	51.8109	50.258	48.9138	56.4779
700	49.6895	47.0492	44.9412	43.1625	41.6085	40.2176	38.9502	56.5063	54.7718	53.3299	52.0876	50.9903	50.5951	48.9931	47.6026	55.3808
800	48.6177	45.9062	43.7335	41.894	40.2813	38.833	37.5092	55.5698	53.7976	52.3213	51.0466	49.9179	49.5099	47.861	46.4262	54.4064
900	47.6477	44.868	42.6328	40.7339	39.0637	37.5589	36.1793	54.7264	52.9183	51.4089	50.1024	48.9421	48.5256	46.8317	45.3542	53.5267
1000	46.7588	43.9133	41.6172	39.6601	37.933	36.3725	34.9383	53.9571	52.1145	50.5726	49.2341	48.0411	47.6217	45.8843	44.3653	52.722
1100	45.9361	43.0266	40.6709	38.6564	36.8734	35.2582	33.7709	53.2483	51.372	49.7976	48.4262	47.1985	46.7837	45.004	43.4447	51.978
1200	45.1686	42.1966	39.7822	37.7111	35.8731	34.2046	32.6665	52.5894	50.6798	49.0725	47.6667	46.4016	46.0004	44.1795	42.5811	51.2839
1300	44.4476	41.4144	38.9422	36.8154	34.9236	33.2038	31.6178	51.9727	50.0297	48.3885	46.9462	45.6404	45.2636	43.4025	41.7661	50.6314
1400	43.7666	40.6732	38.144	35.9625	34.0185	32.2498	30.6195	51.3918	49.4151	47.7384	46.2571	44.907	44.5667	42.6665	40.9933	50.0138
1500	43.1202	39.9675	37.3822	35.1472	33.1529	31.3384	29.6679	50.8415	48.8303	47.1165	45.5934	44.1956	43.9046	41.9663	40.2574	49.4255
1600	42.5042	39.293	36.6526	34.3655	32.3233	30.4662	28.7601	50.3178	48.271	46.518	44.9502	43.5014	43.2731	41.2977	39.5541	48.8624
1700	41.915	38.6462	35.9517	33.6143	31.5266	29.6307	27.8937	49.817	47.7334	45.939	44.3237	42.8211	42.6688	40.6572	38.88	48.3207
1800	41.3496	38.0241	35.2767	32.8909	30.7608	28.83	27.0668	49.3363	47.2143	45.3764	43.7111	42.1522	42.0888	40.0419	38.2321	47.7975
1900	40.8057	37.4243	34.6254	32.1934	30.0239	28.0623	26.2776	48.8731	46.7113	44.8276	43.1099	41.4931	41.5307	39.4495	37.608	47.2902
2000	40.2812	36.8449	33.996	31.52	29.3145	27.3261	25.5246	48.4253	46.2221	44.2906	42.5186	40.8429	40.9926	38.8779	37.0056	46.7968
2100	39.7743	36.2842	33.3869	30.8695	28.6313	26.6201	24.8061	47.9912	45.7449	43.7637	41.936	40.2009	40.4727	38.3253	36.423	46.3156
2200	39.2835	35.7407	32.7968	30.2405	27.9731	25.9431	24.1207	47.5691	45.2781	43.2455	41.3612	39.567	39.9695	37.7902	35.8587	45.8451
2300	38.8076	35.2133	32.2245	29.6322	27.3389	25.2939	23.4669	47.1576	44.8205	42.7352	40.7936	38.9412	39.4816	37.2711	35.3114	45.3841
2400	38.3455	34.7008	31.6693	29.0435	26.7277	24.6713	22.8431	46.7557	44.371	42.232	40.233	38.3237	39.0079	36.7671	34.7798	44.9317
2500	37.8961	34.2025	31.1302	28.4738	26.1388	24.0743	22.248	46.3624	43.9288	41.7353	39.6793	37.7148	38.5475	36.2769	34.2629	44.487
2600	37.4588	33.7174	30.6065	27.9223	25.5711	23.5018	21.6802	45.9767	43.4933	41.2448	39.1325	37.1149	38.0994	35.7999	33.7599	44.0495
2700	37.0325	33.245	30.0975	27.3883	25.024	22.9527	21.1382	45.598	43.0638	40.7602	38.5926	36.5244	37.6628	35.335	33.27	43.6184
2800	36.6169	32.7846	29.6028	26.8712	24.4966	22.4259	20.6208	45.2256	42.6399	40.2812	38.0598	35.9436	37.2369	34.8817	32.7924	43.1934
2900	36.2112	32.3357	29.1217	26.3703	23.9882	21.9205	20.1266	44.859	42.2212	39.8079	37.5342	35.3729	36.8213	34.4392	32.3266	42.7742
3000	35.8149	31.8978	28.6538	25.8852	23.498	21.4356	19.6545	44.4978	41.8075	39.3402	37.0161	34.8126	36.4153	34.0071	31.8721	42.3604
3100	35.4276	31.4705	28.1987	25.4152	23.0253	20.9701	19.2032	44.1415	41.3986	38.8781	36.5057	34.2629	36.0183	33.5849	31.4283	41.9519
3200	35.0488	31.0533	27.7558	24.9598	22.5694	20.5231	18.7717	43.7898	40.9943	38.4217	36.003	33.7241	35.6301	33.172	30.9948	41.5483
3300	34.6783	30.646	27.3248	24.5186	22.1297	20.0938	18.3587	43.4425	40.5946	37.971	35.5084	33.1963	35.25	32.7682	30.5714	41.1497
3400	34.3156	30.2481	26.9052	24.0909	21.7054	19.6814	17.9635	43.0993	40.1993	37.5261	35.0219	32.6796	34.8778	32.373	30.1575	40.7558
3500	33.9604	29.8593	26.4969	23.6764	21.2959	19.2849	17.5849	42.7601	39.8083	37.0871	34.5437	32.174	34.5132	31.986	29.753	40.3666
3600	33.6124	29.4794	26.0993	23.2745	20.9006	18.9037	17.222	42.4246	39.4217	36.654	34.0739	31.6797	34.1557	31.6071	29.3574	39.9819
3700	33.2715	29.1081	25.7121	22.8849	20.519	18.5371	16.8741	42.0927	39.0394	36.2269	33.6124	31.1965	33.8051	31.2359	28.9706	39.6019
3800	32.9372	28.745	25.335	22.507	20.1504	18.1842	16.5403	41.7643	38.6615	35.8059	33.1595	30.7244	33.4612	30.8722	28.5923	39.2263
3900	32.6095	28.3901	24.9677	22.1405	19.7943	17.8445	16.2198	41.4394	38.2879	35.3911	32.7151	30.2632	33.1237	30.5158	28.2222	38.8553
4000	32.288	28.0429	24.6099	21.7849	19.4502	17.5173	15.9119	41.1178	37.9187	34.9825	32.2792	29.8131	32.7924	30.1664	27.8601	38.4888
4100	31.9726	27.7034	24.2613	21.4399	19.1175	17.202	15.616	40.7995	37.5538	34.58	31.8517	29.3736	32.4671	29.8238	27.5059	38.1266
4200	31.6632	27.3712	23.9217	21.105	18.7959	16.8981	15.3314	40.4845	37.1933	34.1838	31.4328	28.9447	32.1476	29.4878	27.1593	37.769
4300	31.3594	27.0463	23.5906	20.7799	18.4847	16.6049	15.0576	40.1726	36.8372	33.7939	31.0222	28.5263	31.8337	29.1583	26.8201	37.4157
4400	31.0613	26.7283	23.2679	20.4643	18.1836	16.322	14.7938	39.8639	36.4855	33.4102	30.6199	28.118	31.5253	28.8352	26.4882	37.0669
4500	30.7685	26.417	22.9533	20.1578	17.8922	16.0489	14.5398	39.5584	36.1383	33.0328	30.2259	27.7198	31.2222	28.5181	26.1633	36.7224
4600	30.481	26.1124	22.6466	19.86	17.6099	15.7851	14.2948	39.2559	35.7954	32.6617	29.8401	27.3313	30.9243	28.2071	25.8452	36.3824
4700	30.1986	25.8142	22.3474	19.5707	17.3366	15.5303	14.0586	38.9565	35.457	32.2967	29.4622	26.9524	30.6314	27.9019	25.5339	36.0467
4800	29.9213	25.5222	22.0557	19.2894	17.0717	15.2839	13.8306	38.6602	35.123	31.9379	29.0923	26.5828	30.3435	27.6024	25.2292	35.7153
4900	29.6487	25.2364	21.771	19.0161	16.8149	15.0456	13.6104	38.367	34.7934	31.5852	28.7301	26.2223	30.0603	27.3084	24.9308	35.3883
5000	29.3809	24.9564	21.4933	18.7503	16.566	14.815	13.3977	38.0768	34.4682	31.2386	28.3756	25.8707	29.7818	27.02	24.6387	35.0656
5100	29.1177	24.6822	21.2223	18.4917	16.3245	14.5918	13.1921	37.7896	34.1474	30.898	28.0286	25.5278	29.5079	26.7368	24.3527	34.7472
5200	28.859	24.4136	20.9578	18.2402	16.0902	14.3757	12.9932	37.5054	33.831	30.5633	27.6889	25.1932	29.2384	26.4589	24.0726	34.4331
5300	28.6048	24.1505	20.6996	17.9954	15.8627	14.1663	12.8009	37.2242	33.519	30.2346	27.3565	24.8668	28.9733	26.1861	23.7983	34.1232
5400	28.3548	23.8927	20.4475	17.7572	15.6419	13.9633	12.6146	36.9461	33.2113	29.9116	27.0311	24.5484	28.7125	25.9182	23.5297	33.8176
5500	28.1089	23.6401	20.2014	17.5253	15.4274	13.7665	12.4342	36.6709	32.9079	29.5944	26.7127	24.2377	28.4558	25.6552	23.2666	33.5161
5600	27.8672	23.3925	19.9609	17.2994	15.219	13.5755	12.2593	36.3987	32.6088	29.2828	26.401	23.9344	28.2032	25.397	23.0089	33.2188
5700	27.6295	23.1498	19.726	17.0794	15.0164	13.3903	12.0898	36.1295	32.3139	28.9767	26.0959	23.6385	27.9547	25.1434	22.7564	32.9256
5800	27.3956	22.9119	19.4965	16.865	14.8195	13.2104	11.9254	35.8632	32.0232	28.6762	25.7972	23.3497	27.71	24.8944	22.509	32.6364
5900	27.1656	22.6787	19.2722	16.6561	14.6279	13.0357	11.7659	35.5998	31.7368	28.381	25.5049	23.0677	27.4691	24.6498	22.2667	32.3513
6000	26.9393	22.45	19.053	16.4524	14.4415	12.8659	11.6111	35.3394	31.4544	28.0911	25.2188	22.7923	27.2321	24.4096	22.0292	32.0702
6100	26.7167	22.2257	18.8387	16.2538	14.2601	12.7009	11.4607	35.0818	31.1762	27.8064	24.9386	22.5234	26.9987	24.1736	21.7964	31.7931
6200	26.4975	22.0057	18.6292	16.0601	14.0835	12.5404	11.3145	34.8272	30.902	27.5269	24.6643	22.2608	26.7689	23.9419	21.5683	31.5198
6300	26.2819	21.79	18.4243	15.8712	13.9116	12.3844	11.1725	34.5753	30.6318	27.2523	24.3957	22.0042	26.5426	23.7142	21.3447	31.2505
6400	26.0697	21.5783	18.2239	15.6868	13.744	12.2325	11.0344	34.3264	30.3655	26.9827	24.1327	21.7536	26.3199	23.4905	21.1255	30.9849
6500	25.8608	21.3706	18.0278	15.5068	13.5808	12.0847	10.9001	34.0803	30.1032	26.7179	23.8752	21.5086	26.1005	23.2707	20.9107	30.7232
6600	25.6552	21.1668	17.836	15.3311	13.4217	11.9408	10.7694	33.8369	29.8447	26.4578	23.6229	21.2692	25.8845	23.0547	20.7	30.4651
6700	25.4527	20.9669	17.6483	15.1596	13.2666	11.8006	10.6422	33.5964	29.59	26.2024	23.3758	21.0352	25.6717	22.8425	20.4934	30.2108
6800	25.2534	20.7706	17.4645	14.992	13.1153	11.6641	10.5183	33.3586	29.3391	25.9515	23.1337	20.8065	25.4621	22.6339	20.2908	29.96
6900	25.0572	20.5779	17.2846	14.8284	12.9678	11.531	10.3976	33.1235	29.0918	25.7051	22.8965	20.5827	25.2557	22.4289	20.0921	29.7129
7000	24.8639	20.3887	17.1085	14.6684	12.8237	11.4012	10.28	32.8911	28.8482	25.463	22.6641	20.3639	25.0524	22.2274	19.8971	29.4693
7100	24.6735	20.2029	16.936	14.5121	12.6831	11.2746	10.1653	32.6614	28.6082	25.2252	22.4364	20.1498	24.8521	22.0294	19.7059	29.2291
7200	24.4861	20.0205	16.767	14.3592	12.5459	11.1511	10.0535	32.4344	28.3717	24.9916	22.2131	19.9404	24.6548	21.8346	19.5183	28.9924
7300	24.3014	19.8414	16.6015	14.2098	12.4119	11.0306	9.94447	32.21	28.1387	24.7621	21.9943	19.7354	24.4604	21.6432	19.3342	28.759
7400	24.1195	19.6654	16.4393	14.0636	12.2809	10.913	9.83808	31.9882	27.9091	24.5365	21.7798	19.5348	24.2689	21.455	19.1535	28.529
7500	23.9402	19.4926	16.2804	13.9206	12.153	10.7981	9.73424	31.769	27.6829	24.315	21.5695	19.3384	24.0801	21.27	18.9762	28.3023
7600	23.7636	19.3228	16.1246	13.7807	12.0279	10.6859	9.63286	31.5523	27.46	24.0972	21.3633	19.1461	23.8942	21.088	18.8021	28.0788
7700	23.5896	19.1559	15.972	13.6438	11.9057	10.5763	9.53386	31.3382	27.2404	23.8832	21.161	18.9578	23.7109	20.909	18.6313	27.8585
7800	23.4182	18.992	15.8223	13.5098	11.7862	10.4692	9.43715	31.1265	27.024	23.6729	20.9626	18.7734	23.5303	20.7329	18.4635	27.6413
7900	23.2492	18.8308	15.6754	13.3786	11.6692	10.3645	9.34265	30.9173	26.8107	23.4662	20.768	18.5927	23.3523	20.5598	18.2988	27.4272
8000	23.0826	18.6724	15.5315	13.2501	11.5549	10.2622	9.2503	30.7106	26.6006	23.263	20.577	18.4157	23.1768	20.3895	18.137	27.2161
8100	22.9184	18.5167	15.3903	13.1243	11.443	10.1621	9.16002	30.5063	26.3935	23.0633	20.3897	18.2422	23.0038	20.2219	17.9781	27.008
8200	22.7565	18.3636	15.2517	13.001	11.3334	10.0642	9.07173	30.3043	26.1894	22.8669	20.2058	18.0721	22.8333	20.057	17.8221	26.8029
8300	22.597	18.2131	15.1158	12.8802	11.2262	9.96838	8.98536	30.1048	25.9883	22.6738	20.0253	17.9054	22.6652	19.8948	17.6688	26.6006
8400	22.4396	18.0651	14.9823	12.7618	11.1212	9.87462	8.90086	29.9075	25.79	22.4839	19.8481	17.7419	22.4995	19.7352	17.5181	26.4012
8500	22.2845	17.9195	14.8514	12.6458	11.0184	9.78284	8.81817	29.7126	25.5946	22.2972	19.6742	17.5816	22.3361	19.578	17.3701	26.2045
8600	22.1315	17.7763	14.7228	12.532	10.9177	9.69297	8.73723	29.5199	25.402	22.1135	19.5034	17.4244	22.175	19.4234	17.2247	26.0106
8700	21.9806	17.6354	14.5966	12.4205	10.819	9.60497	8.65798	29.3295	25.2122	21.9329	19.3357	17.2702	22.0161	19.2712	17.0817	25.8194
8800	21.8318	17.4969	14.4727	12.3111	10.7223	9.51876	8.58038	29.1413	25.0251	21.7552	19.1709	17.1188	21.8595	19.1214	16.9412	25.6308
8900	21.6851	17.3605	14.351	12.2038	10.6275	9.4343	8.50436	28.9553	24.8406	21.5804	19.0091	16.9703	21.705	18.9739	16.8031	25.4449
9000	21.5403	17.2263	14.2314	12.0985	10.5345	9.35153	8.42989	28.7714	24.6587	21.4085	18.8501	16.8246	21.5526	18.8286	16.6673	25.2615
9100	21.3974	17.0943	14.114	11.9953	10.4434	9.2704	8.3569	28.5897	24.4794	21.2393	18.694	16.6815	21.4023	18.6857	16.5338	25.0807
9200	21.2565	16.9643	13.9986	11.8939	10.354	9.19086	8.28537	28.4101	24.3026	21.0728	18.5405	16.541	21.254	18.5449	16.4024	24.9023
9300	21.1175	16.8364	13.8852	11.7944	10.2664	9.11287	8.21524	28.2325	24.1283	20.9089	18.3896	16.4031	21.1078	18.4062	16.2733	24.7263
9400	20.9803	16.7104	13.7737	11.6967	10.1804	9.03638	8.14648	28.0571	23.9564	20.7477	18.2414	16.2676	20.9635	18.2696	16.1462	24.5528
9500	20.8449	16.5864	13.6642	11.6008	10.096	8.96135	8.07904	27.8836	23.7869	20.5889	18.0956	16.1346	20.8212	18.1351	16.0213	24.3816
9600	20.7113	16.4643	13.5565	11.5066	10.0131	8.88774	8.01289	27.7121	23.6198	20.4327	17.9523	16.0039	20.6807	18.0026	15.8983	24.2127
9700	20.5794	16.3441	13.4506	11.4141	9.9318	8.8155	7.94799	27.5426	23.4549	20.2788	17.8114	15.8755	20.5421	17.872	15.7773	24.0461
9800	20.4493	16.2257	13.3465	11.3232	9.85196	8.7446	7.8843	27.375	23.2923	20.1274	17.6729	15.7493	20.4054	17.7434	15.6583	23.8817
9900	20.3208	16.109	13.2441	11.2339	9.77357	8.675	7.82179	27.2094	23.132	19.9783	17.5366	15.6252	20.2705	17.6166	15.5411	23.7195
10000	20.194	15.9941	13.1434	11.1461	9.69657	8.60666	7.76042	27.0456	22.9738	19.8314	17.4025	15.5033	20.1373	17.4918	15.4258	23.5594
10100	20.0688	15.881	13.0444	11.0599	9.62095	8.53956	7.70017	26.8836	22.8177	19.6868	17.2706	15.3835	20.0059	17.3687	15.3123	23.4015
10200	19.9452	15.7694	12.9469	10.9751	9.54664	8.47365	7.641	26.7235	22.6638	19.5443	17.1409	15.2656	19.8762	17.2474	15.2005	23.2457
10300	19.8231	15.6595	12.8511	10.8918	9.47364	8.40891	7.58289	26.5652	22.5119	19.404	17.0132	15.1498	19.7481	17.1279	15.0905	23.0919
10400	19.7026	15.5513	12.7567	10.8099	9.4019	8.3453	7.52581	26.4088	22.362	19.2657	16.8875	15.0358	19.6217	17.01	14.9822	22.9401
10500	19.5836	15.4446	12.6639	10.7294	9.33138	8.2828	7.46972	26.254	22.2142	19.1295	16.7639	14.9237	19.497	16.8939	14.8755	22.7903
10600	19.466	15.3394	12.5725	10.6501	9.26206	8.22137	7.41461	26.101	22.0683	18.9953	16.6421	14.8134	19.3738	16.7793	14.7704	22.6424
10700	19.3499	15.2357	12.4825	10.5722	9.1939	8.16098	7.36044	25.9497	21.9243	18.8631	16.5223	14.7049	19.2522	16.6664	14.6669	22.4964
10800	19.2353	15.1335	12.3939	10.4955	9.12688	8.10162	7.3072	25.8	21.7822	18.7328	16.4043	14.5982	19.1321	16.555	14.5649	22.3524
10900	19.122	15.0327	12.3067	10.4201	9.06096	8.04325	7.25485	25.652	21.6419	18.6044	16.2881	14.4931	19.0135	16.4452	14.4645	22.2101
11000	19.0102	14.9334	12.2208	10.3459	8.99613	7.98586	7.20338	25.5057	21.5035	18.4778	16.1737	14.3897	18.8965	16.337	14.3655	22.0697
11100	18.8997	14.8354	12.1362	10.2728	8.93236	7.92941	7.15276	25.361	21.3668	18.353	16.061	14.2879	18.7809	16.2301	14.268	21.931
11200	18.7905	14.7388	12.0529	10.2009	8.86961	7.87388	7.10298	25.2178	21.232	18.23	15.95	14.1877	18.6667	16.1248	14.1719	21.7941
11300	18.6826	14.6436	11.9709	10.1302	8.80787	7.81925	7.05401	25.0763	21.0988	18.1087	15.8407	14.089	18.5539	16.0209	14.0772	21.659
11400	18.576	14.5496	11.89	10.0605	8.74711	7.7655	7.00583	24.9362	20.9673	17.9891	15.733	13.9918	18.4425	15.9184	13.9838	21.5255
11500	18.4707	14.4569	11.8103	9.9919	8.6873	7.71261	6.95843	24.7977	20.8375	17.8712	15.6268	13.8961	18.3325	15.8172	13.8918	21.3936
11600	18.3666	14.3655	11.7319	9.92435	8.62843	7.66054	6.91177	24.6607	20.7094	17.7549	15.5222	13.8019	18.2238	15.7174	13.8011	21.2634
11700	18.2637	14.2753	11.6545	9.85782	8.57047	7.6093	6.86585	24.5252	20.5828	17.6402	15.4192	13.709	18.1164	15.619	13.7116	21.1349
11800	18.1621	14.1863	11.5783	9.79229	8.51339	7.55884	6.82064	24.3911	20.4579	17.527	15.3176	13.6176	18.0103	15.5218	13.6234	21.0079
11900	18.0616	14.0984	11.5031	9.72774	8.45719	7.50917	6.77613	24.2585	20.3344	17.4155	15.2174	13.5274	17.9055	15.4259	13.5364	20.8824
12000	17.9622	14.0118	11.4291	9.66415	8.40183	7.46025	6.73231	24.1273	20.2125	17.3054	15.1187	13.4386	17.8019	15.3312	13.4506	20.7585
12100	17.8641	13.9263	11.356	9.6015	8.34731	7.41208	6.68915	23.9975	20.0922	17.1968	15.0214	13.3511	17.6996	15.2378	13.366	20.636
12200	17.767	13.8419	11.2841	9.53976	8.2936	7.36463	6.64665	23.869	19.9732	17.0896	14.9254	13.2648	17.5985	15.1456	13.2826	20.5151
12300	17.671	13.7585	11.2131	9.47891	8.24069	7.31789	6.60478	23.7419	19.8558	16.9839	14.8308	13.1798	17.4986	15.0545	13.2003	20.3956
12400	17.5762	13.6763	11.1431	9.41895	8.18855	7.27184	6.56354	23.6162	19.7397	16.8795	14.7375	13.096	17.3998	14.9647	13.119	20.2775
12500	17.4824	13.5951	11.074	9.35983	8.13718	7.22647	6.52291	23.4918	19.6251	16.7766	14.6454	13.0134	17.3022	14.8759	13.0389	20.1608
12600	17.3896	13.5149	11.0059	9.30156	8.08654	7.18176	6.48287	23.3687	19.5118	16.6749	14.5546	12.9319	17.2057	14.7883	12.9598	20.0455
12700	17.2979	13.4358	10.9387	9.2441	8.03662	7.1377	6.44341	23.2469	19.3999	16.5746	14.4651	12.8515	17.1103	14.7018	12.8818	19.9316
12800	17.2072	13.3576	10.8725	9.18745	7.98742	7.09427	6.40452	23.1263	19.2893	16.4756	14.3767	12.7723	17.016	14.6163	12.8048	19.819
12900	17.1175	13.2805	10.8071	9.13158	7.93891	7.05145	6.36618	23.007	19.1801	16.3778	14.2896	12.6942	16.9228	14.5319	12.7288	19.7077
13000	17.0287	13.2043	10.7426	9.07648	7.89109	7.00925	6.32839	22.8889	19.0721	16.2813	14.2035	12.6171	16.8307	14.4485	12.6538	19.5977
13100	16.941	13.129	10.6789	9.02214	7.84393	6.96763	6.29113	22.7721	18.9654	16.186	14.1187	12.541	16.7396	14.3662	12.5797	19.489
13200	16.8542	13.0546	10.6161	8.96854	7.79742	6.9266	6.2544	22.6564	18.8599	16.0919	14.0349	12.466	16.6495	14.2849	12.5066	19.3815
13300	16.7683	12.9812	10.5541	8.91567	7.75155	6.88614	6.21817	22.5419	18.7556	15.999	13.9522	12.392	16.5604	14.2045	12.4344	19.2753
13400	16.6833	12.9087	10.4929	8.8635	7.70631	6.84623	6.18244	22.4286	18.6526	15.9072	13.8707	12.3189	16.4724	14.1252	12.3631	19.1703
13500	16.5993	12.837	10.4325	8.81203	7.66168	6.80686	6.1472	22.3165	18.5508	15.8166	13.7901	12.2469	16.3853	14.0467	12.2928	19.0664
13600	16.5162	12.7662	10.3729	8.76124	7.61765	6.76803	6.11244	22.2054	18.4501	15.7271	13.7106	12.1757	16.2992	13.9693	12.2233	18.9638
13700	16.4339	12.6962	10.314	8.71112	7.57421	6.72972	6.07815	22.0955	18.3505	15.6387	13.6321	12.1055	16.214	13.8927	12.1546	18.8622
13800	16.3525	12.6271	10.2559	8.66165	7.53134	6.69191	6.04431	21.9867	18.2521	15.5513	13.5546	12.0362	16.1297	13.817	12.0868	18.7618
13900	16.2719	12.5587	10.1984	8.61281	7.48903	6.65461	6.01092	21.879	18.1548	15.465	13.478	11.9678	16.0464	13.7422	12.0199	18.6626
14000	16.1922	12.4912	10.1418	8.56461	7.44728	6.6178	5.97796	21.7723	18.0585	15.3797	13.4024	11.9002	15.9639	13.6683	11.9537	18.5644
14100	16.1133	12.4245	10.0858	8.51703	7.40606	6.58146	5.94544	21.6667	17.9634	15.2955	13.3278	11.8335	15.8824	13.5952	11.8884	18.4673
14200	16.0353	12.3585	10.0305	8.47005	7.36538	6.5456	5.91334	21.5622	17.8693	15.2122	13.254	11.7676	15.8017	13.523	11.8238	18.3713
14300	15.958	12.2934	9.97589	8.42366	7.32522	6.5102	5.88166	21.4587	17.7763	15.13	13.1812	11.7026	15.7219	13.4516	11.76	18.2763
14400	15.8815	12.2289	9.92195	8.37786	7.28557	6.47525	5.85037	21.3562	17.6842	15.0487	13.1092	11.6384	15.643	13.381	11.697	18.1823
14500	15.8058	12.1652	9.86867	8.33263	7.24643	6.44075	5.81949	21.2547	17.5932	14.9683	13.0382	11.5749	15.5648	13.3113	11.6347	18.0894
14600	15.7309	12.1022	9.81602	8.28796	7.20777	6.40668	5.789	21.1541	17.5032	14.8889	12.9679	11.5122	15.4875	13.2423	11.5731	17.9975
14700	15.6567	12.0399	9.76401	8.24384	7.1696	6.37304	5.75889	21.0546	17.4141	14.8104	12.8986	11.4503	15.411	13.1741	11.5123	17.9065
14800	15.5833	11.9784	9.71261	8.20026	7.1319	6.33982	5.72915	20.956	17.326	14.7328	12.83	11.3892	15.3353	13.1066	11.4521	17.8165
14900	15.5106	11.9175	9.66182	8.15721	7.09466	6.30701	5.69978	20.8584	17.2389	14.6561	12.7622	11.3288	15.2604	13.0399	11.3927	17.7275
15000	15.4386	11.8573	9.61163	8.11468	7.05788	6.27459	5.67077	20.7617	17.1527	14.5803	12.6953	11.2691	15.1863	12.9739	11.3339	17.6394
15100	15.3673	11.7977	9.56202	8.07266	7.02154	6.24258	5.64211	20.6659	17.0674	14.5053	12.6291	11.2101	15.1129	12.9087	11.2758	17.5522
15200	15.2967	11.7388	9.51299	8.03113	6.98564	6.21095	5.6138	20.571	16.983	14.4312	12.5637	11.1518	15.0403	12.8442	11.2184	17.466
15300	15.2268	11.6806	9.46452	7.9901	6.95017	6.1797	5.58583	20.4771	16.8995	14.3578	12.499	11.0942	14.9684	12.7803	11.1616	17.3806
15400	15.1576	11.6229	9.41662	7.94956	6.91512	6.14882	5.55819	20.384	16.8169	14.2853	12.4351	11.0372	14.8973	12.7172	11.1054	17.2961
15500	15.0891	11.566	9.36926	7.90949	6.88049	6.11832	5.53088	20.2918	16.7351	14.2137	12.3719	10.9809	14.8268	12.6547	11.0499	17.2125
15600	15.0212	11.5096	9.32244	7.86989	6.84627	6.08817	5.50389	20.2004	16.6542	14.1427	12.3094	10.9253	14.7571	12.5929	10.995	17.1298
15700	14.954	11.4538	9.27615	7.83075	6.81245	6.05837	5.47723	20.1099	16.5741	14.0726	12.2477	10.8703	14.6881	12.5318	10.9407	17.0478
15800	14.8874	11.3986	9.23038	7.79206	6.77902	6.02893	5.45087	20.0203	16.4948	14.0032	12.1866	10.8159	14.6197	12.4713	10.887	16.9668
15900	14.8215	11.344	9.18512	7.75381	6.74597	5.99983	5.42481	19.9315	16.4164	13.9346	12.1262	10.7622	14.5521	12.4114	10.8339	16.8865
16000	14.7562	11.29	9.14036	7.71599	6.71331	5.97106	5.39906	19.8435	16.3388	13.8668	12.0665	10.709	14.4851	12.3522	10.7813	16.8071
16100	14.6915	11.2365	9.0961	7.6786	6.68102	5.94261	5.3736	19.7563	16.2619	13.7996	12.0074	10.6565	14.4188	12.2936	10.7293	16.7284
16200	14.6274	11.1836	9.05232	7.64163	6.6491	5.9145	5.34842	19.6699	16.1858	13.7332	11.949	10.6045	14.3531	12.2356	10.6779	16.6505
16300	14.5639	11.1313	9.00901	7.60508	6.61753	5.88669	5.32353	19.5842	16.1105	13.6674	11.8912	10.5531	14.2881	12.1782	10.627	16.5735
16400	14.501	11.0795	8.96618	7.56892	6.58631	5.8592	5.29892	19.4994	16.0359	13.6024	11.834	10.5023	14.2236	12.1214	10.5767	16.4971
16500	14.4387	11.0282	8.92381	7.53317	6.55545	5.83202	5.27458	19.4153	15.9621	13.538	11.7775	10.452	14.1599	12.0652	10.5269	16.4215
16600	14.377	10.9774	8.88189	7.49781	6.52492	5.80514	5.25051	19.332	15.889	13.4743	11.7216	10.4023	14.0967	12.0095	10.4776	16.3467
16700	14.3158	10.9272	8.84043	7.46284	6.49473	5.77855	5.2267	19.2494	15.8166	13.4113	11.6662	10.3531	14.0341	11.9544	10.4288	16.2726
16800	14.2552	10.8774	8.7994	7.42824	6.46487	5.75225	5.20316	19.1676	15.745	13.3489	11.6115	10.3044	13.9721	11.8999	10.3806	16.1992
16900	14.1951	10.8282	8.75881	7.39402	6.43534	5.72624	5.17986	19.0865	15.674	13.2872	11.5573	10.2563	13.9108	11.8459	10.3328	16.1265
17000	14.1356	10.7795	8.71864	7.36016	6.40612	5.70051	5.15682	19.0061	15.6038	13.2261	11.5037	10.2086	13.8499	11.7924	10.2855	16.0545
17100	14.0766	10.7312	8.67889	7.32667	6.37722	5.67506	5.13403	18.9264	15.5342	13.1656	11.4506	10.1615	13.7897	11.7395	10.2387	15.9832
17200	14.0182	10.6835	8.63956	7.29353	6.34863	5.64987	5.11148	18.8474	15.4652	13.1057	11.3981	10.1149	13.7301	11.6871	10.1924	15.9126
17300	13.9603	10.6362	8.60064	7.26074	6.32034	5.62496	5.08917	18.7691	15.397	13.0465	11.3462	10.0687	13.6709	11.6352	10.1466	15.8426
17400	13.9029	10.5893	8.56211	7.2283	6.29235	5.60031	5.06709	18.6915	15.3294	12.9878	11.2947	10.023	13.6124	11.5839	10.1012	15.7733
17500	13.846	10.5429	8.52398	7.19619	6.26465	5.57592	5.04524	18.6146	15.2624	12.9297	11.2438	9.97783	13.5543	11.533	10.0563	15.7047
17600	13.7896	10.497	8.48624	7.16442	6.23724	5.55178	5.02362	18.5383	15.1961	12.8722	11.1934	9.93309	13.4969	11.4826	10.0118	15.6367
17700	13.7337	10.4515	8.44887	7.13297	6.21012	5.52789	5.00222	18.4627	15.1304	12.8152	11.1436	9.88881	13.4399	11.4327	9.96771	15.5693
17800	13.6783	10.4065	8.41188	7.10184	6.18327	5.50425	4.98105	18.3877	15.0653	12.7589	11.0942	9.84498	13.3834	11.3833	9.92409	15.5025
17900	13.6233	10.3619	8.37527	7.07104	6.1567	5.48085	4.96008	18.3134	15.0008	12.703	11.0453	9.80159	13.3275	11.3343	9.8809	15.4364
18000	13.5689	10.3177	8.33901	7.04054	6.1304	5.45769	4.93933	18.2397	14.9369	12.6477	10.9969	9.75863	13.2721	11.2858	9.83813	15.3709
18100	13.5149	10.2739	8.30312	7.01035	6.10436	5.43476	4.91879	18.1666	14.8736	12.5929	10.949	9.71611	13.2172	11.2378	9.79577	15.306
18200	13.4614	10.2305	8.26758	6.98046	6.07859	5.41206	4.89846	18.0942	14.8109	12.5387	10.9015	9.674	13.1627	11.1902	9.75383	15.2416
18300	13.4084	10.1876	8.23239	6.95087	6.05308	5.38959	4.87833	18.0223	14.7488	12.485	10.8545	9.63232	13.1088	11.1431	9.71228	15.1779
18400	13.3558	10.1451	8.19754	6.92158	6.02782	5.36735	4.85839	17.9511	14.6872	12.4318	10.808	9.59104	13.0553	11.0964	9.67113	15.1147
18500	13.3036	10.1029	8.16303	6.89258	6.00282	5.34532	4.83866	17.8804	14.6262	12.3791	10.7619	9.55017	13.0023	11.0501	9.63037	15.0521
18600	13.2519	10.0611	8.12886	6.86386	5.97806	5.32352	4.81912	17.8104	14.5657	12.3269	10.7163	9.5097	12.9497	11.0043	9.59	14.99
18700	13.2007	10.0198	8.09502	6.83542	5.95354	5.30192	4.79977	17.7409	14.5058	12.2751	10.6711	9.46962	12.8977	10.9588	9.55001	14.9285
18800	13.1498	9.9788	8.0615	6.80726	5.92926	5.28054	4.78061	17.672	14.4465	12.2239	10.6263	9.42992	12.8461	10.9138	9.51039	14.8676
18900	13.0994	9.93819	8.0283	6.77938	5.90522	5.25936	4.76163	17.6037	14.3876	12.1732	10.582	9.39061	12.7949	10.8692	9.47114	14.8072
19000	13.0494	9.89794	7.99541	6.75176	5.88142	5.23839	4.74283	17.5359	14.3293	12.1229	10.538	9.35167	12.7442	10.8251	9.43225	14.7473
19100	12.9999	9.85806	7.96284	6.7244	5.85784	5.21762	4.72422	17.4687	14.2715	12.0731	10.4945	9.31311	12.6939	10.7813	9.39372	14.6879
19200	12.9507	9.81855	7.93057	6.69731	5.83448	5.19705	4.70578	17.402	14.2142	12.0237	10.4514	9.2749	12.644	10.7379	9.35555	14.6291
19300	12.902	9.77938	7.8986	6.67047	5.81135	5.17667	4.68751	17.3358	14.1574	11.9748	10.4087	9.23706	12.5946	10.6949	9.31772	14.5707
19400	12.8536	9.74057	7.86693	6.64389	5.78843	5.15649	4.66942	17.2702	14.1011	11.9263	10.3664	9.19956	12.5456	10.6522	9.28024	14.5129
19500	12.8057	9.70211	7.83555	6.61755	5.76574	5.13649	4.65149	17.2052	14.0453	11.8783	10.3245	9.16242	12.497	10.61	9.2431	14.4556
19600	12.7581	9.66398	7.80446	6.59146	5.74325	5.11668	4.63373	17.1406	13.99	11.8307	10.283	9.12562	12.4488	10.5681	9.20628	14.3987
19700	12.7109	9.62619	7.77365	6.56561	5.72097	5.09706	4.61613	17.0766	13.9351	11.7835	10.2418	9.08916	12.401	10.5266	9.1698	14.3423
19800	12.6641	9.58874	7.74313	6.54	5.6989	5.07761	4.5987	17.013	13.8807	11.7368	10.201	9.05303	12.3537	10.4855	9.13365	14.2865
19900	12.6177	9.55161	7.71288	6.51463	5.67703	5.05834	4.58142	16.95	13.8268	11.6904	10.1606	9.01723	12.3067	10.4447	9.09781	14.2311
20000	12.5717	9.51481	7.68291	6.48949	5.65537	5.03925	4.5643	16.8875	13.7734	11.6445	10.1206	8.98176	12.2601	10.4042	9.0623	14.1761
20100	12.526	9.47832	7.65321	6.46458	5.6339	5.02034	4.54734	16.8254	13.7204	11.599	10.0809	8.94661	12.2139	10.3641	9.02709	14.1216
20200	12.4807	9.44216	7.62377	6.43989	5.61263	5.00159	4.53053	16.7639	13.6678	11.5539	10.0416	8.91177	12.1681	10.3244	8.99219	14.0676
20300	12.4357	9.4063	7.5946	6.41543	5.59154	4.98302	4.51387	16.7028	13.6157	11.5091	10.0026	8.87725	12.1226	10.285	8.9576	14.014
20400	12.3911	9.37076	7.56568	6.39119	5.57065	4.96461	4.49736	16.6422	13.5641	11.4648	9.96395	8.84303	12.0775	10.2459	8.92331	13.9609
20500	12.3469	9.33551	7.53702	6.36716	5.54995	4.94636	4.48099	16.5821	13.5128	11.4208	9.92565	8.80912	12.0328	10.2072	8.88932	13.9082
20600	12.303	9.30057	7.50862	6.34335	5.52943	4.92828	4.46477	16.5224	13.462	11.3773	9.88769	8.77551	11.9885	10.1688	8.85561	13.856
20700	12.2594	9.26592	7.48046	6.31975	5.50909	4.91035	4.44869	16.4632	13.4116	11.3341	9.85006	8.74219	11.9445	10.1307	8.8222	13.8041
20800	12.2162	9.23156	7.45254	6.29636	5.48893	4.89259	4.43275	16.4045	13.3617	11.2912	9.81276	8.70917	11.9009	10.0929	8.78907	13.7527
20900	12.1733	9.19749	7.42487	6.27317	5.46895	4.87498	4.41695	16.3462	13.3121	11.2488	9.77577	8.67643	11.8576	10.0555	8.75622	13.7017
21000	12.1308	9.1637	7.39744	6.25018	5.44914	4.85752	4.40129	16.2884	13.263	11.2067	9.73911	8.64398	11.8146	10.0183	8.72365	13.6511
21100	12.0886	9.1302	7.37024	6.22739	5.4295	4.84021	4.38576	16.2309	13.2142	11.1649	9.70276	8.6118	11.772	9.98148	8.69135	13.601
21200	12.0467	9.09697	7.34327	6.2048	5.41003	4.82305	4.37036	16.174	13.1658	11.1235	9.66672	8.5799	11.7298	9.94495	8.65932	13.5512
21300	12.0051	9.06401	7.31653	6.1824	5.39073	4.80603	4.35509	16.1174	13.1179	11.0825	9.63098	8.54827	11.6878	9.90871	8.62756	13.5018
21400	11.9638	9.03133	7.29002	6.16019	5.3716	4.78916	4.33996	16.0613	13.0703	11.0417	9.59554	8.51691	11.6463	9.87276	8.59606	13.4528
21500	11.9229	8.99891	7.26373	6.13817	5.35262	4.77244	4.32495	16.0056	13.0231	11.0014	9.56041	8.48582	11.605	9.83711	8.56482	13.4042
21600	11.8823	8.96675	7.23766	6.11634	5.33381	4.75586	4.31006	15.9503	12.9762	10.9613	9.52556	8.45499	11.564	9.80175	8.53384	13.356
21700	11.8419	8.93486	7.21181	6.09469	5.31516	4.73941	4.2953	15.8954	12.9298	10.9216	9.49101	8.42442	11.5234	9.76667	8.50311	13.3082
21800	11.8019	8.90323	7.18618	6.07323	5.29666	4.7231	4.28066	15.8409	12.8837	10.8822	9.45674	8.3941	11.4831	9.73187	8.47263	13.2607
21900	11.7622	8.87185	7.16076	6.05194	5.27832	4.70693	4.26615	15.7869	12.838	10.8431	9.42276	8.36403	11.4431	9.69735	8.44239	13.2136
22000	11.7227	8.84072	7.13554	6.03084	5.26013	4.69089	4.25175	15.7332	12.7926	10.8044	9.38905	8.33422	11.4034	9.6631	8.41241	13.1669
22100	11.6836	8.80984	7.11054	6.0099	5.24209	4.67498	4.23747	15.6799	12.7476	10.7659	9.35562	8.30465	11.364	9.62913	8.38266	13.1206
22200	11.6447	8.7792	7.08574	5.98914	5.2242	4.65921	4.22331	15.627	12.7029	10.7278	9.32247	8.27532	11.3249	9.59542	8.35315	13.0746
22300	11.6061	8.74881	7.06114	5.96855	5.20645	4.64356	4.20926	15.5745	12.6586	10.6899	9.28958	8.24623	11.2861	9.56198	8.32388	13.0289
22400	11.5679	8.71866	7.03674	5.94813	5.18885	4.62804	4.19533	15.5224	12.6146	10.6524	9.25696	8.21738	11.2476	9.5288	8.29484	12.9836
22500	11.5298	8.68874	7.01254	5.92788	5.1714	4.61265	4.1815	15.4706	12.571	10.6152	9.2246	8.18876	11.2094	9.49587	8.26603	12.9387
22600	11.4921	8.65906	6.98853	5.90778	5.15408	4.59738	4.16779	15.4193	12.5277	10.5783	9.1925	8.16037	11.1714	9.4632	8.23744	12.894
22700	11.4547	8.62961	6.96472	5.88785	5.13691	4.58223	4.15419	15.3683	12.4848	10.5416	9.16066	8.13221	11.1338	9.43079	8.20908	12.8498
22800	11.4175	8.60039	6.94109	5.86808	5.11987	4.5672	4.14069	15.3176	12.4421	10.5053	9.12907	8.10428	11.0964	9.39862	8.18094	12.8058
22900	11.3806	8.57139	6.91765	5.84847	5.10297	4.55229	4.1273	15.2673	12.3998	10.4692	9.09772	8.07656	11.0593	9.36669	8.15302	12.7622
23000	11.3439	8.54261	6.8944	5.82901	5.0862	4.5375	4.11402	15.2174	12.3578	10.4334	9.06663	8.04907	11.0225	9.33501	8.12532	12.7189
23100	11.3075	8.51406	6.87133	5.80971	5.06956	4.52282	4.10084	15.1678	12.3161	10.3979	9.03577	8.02179	10.9859	9.30357	8.09782	12.6759
23200	11.2714	8.48572	6.84844	5.79056	5.05305	4.50826	4.08776	15.1186	12.2747	10.3626	9.00516	7.99472	10.9497	9.27237	8.07054	12.6333
23300	11.2355	8.4576	6.82572	5.77156	5.03668	4.49381	4.07478	15.0697	12.2337	10.3276	8.97478	7.96787	10.9136	9.2414	8.04346	12.5909
23400	11.1999	8.42969	6.80319	5.7527	5.02043	4.47948	4.06191	15.0212	12.1929	10.2929	8.94464	7.94122	10.8779	9.21066	8.01659	12.5489
23500	11.1645	8.40199	6.78083	5.734	5.0043	4.46525	4.04913	14.973	12.1525	10.2585	8.91474	7.91478	10.8424	9.18015	7.98993	12.5071
23600	11.1294	8.3745	6.75864	5.71544	4.98831	4.45114	4.03644	14.9252	12.1123	10.2243	8.88506	7.88855	10.8071	9.14987	7.96346	12.4657
23700	11.0945	8.34722	6.73662	5.69702	4.97243	4.43713	4.02386	14.8776	12.0725	10.1904	8.85561	7.86251	10.7721	9.11982	7.9372	12.4246
23800	11.0599	8.32014	6.71477	5.67874	4.95668	4.42323	4.01137	14.8304	12.0329	10.1567	8.82638	7.83668	10.7374	9.08999	7.91113	12.3838
23900	11.0255	8.29326	6.69308	5.66061	4.94105	4.40943	3.99898	14.7836	11.9936	10.1233	8.79737	7.81104	10.7029	9.06037	7.88525	12.3433
24000	10.9913	8.26658	6.67157	5.64261	4.92553	4.39574	3.98667	14.737	11.9546	10.0901	8.76859	7.7856	10.6687	9.03098	7.85957	12.303
24100	10.9574	8.2401	6.65021	5.62475	4.91014	4.38215	3.97446	14.6908	11.9159	10.0572	8.74002	7.76035	10.6347	9.0018	7.83408	12.2631
24200	10.9237	8.21381	6.62901	5.60703	4.89486	4.36867	3.96234	14.6449	11.8775	10.0245	8.71167	7.73529	10.6009	8.97283	7.80878	12.2234
24300	10.8902	8.18771	6.60798	5.58943	4.87969	4.35528	3.95031	14.5993	11.8393	9.99209	8.68352	7.71042	10.5674	8.94407	7.78366	12.184
24400	10.857	8.1618	6.5871	5.57197	4.86464	4.342	3.93838	14.554	11.8015	9.9599	8.65559	7.68574	10.5341	8.91552	7.75873	12.1449
24500	10.824	8.13609	6.56637	5.55464	4.8497	4.32881	3.92652	14.509	11.7639	9.92794	8.62787	7.66124	10.5011	8.88717	7.73398	12.1061
24600	10.7912	8.11055	6.5458	5.53744	4.83487	4.31572	3.91476	14.4643	11.7265	9.89622	8.60035	7.63692	10.4683	8.85903	7.70941	12.0676
24700	10.7586	8.08521	6.52538	5.52037	4.82015	4.30272	3.90308	14.42	11.6895	9.86472	8.57303	7.61279	10.4357	8.83109	7.68502	12.0293
24800	10.7263	8.06004	6.50511	5.50342	4.80554	4.28982	3.89148	14.3759	11.6526	9.83346	8.54591	7.58883	10.4033	8.80335	7.6608	11.9913
24900	10.6942	8.03505	6.48499	5.4866	4.79103	4.27702	3.87997	14.3321	11.6161	9.80242	8.51899	7.56504	10.3712	8.7758	7.63675	11.9535
25000	10.6623	8.01024	6.46502	5.4699	4.77663	4.26431	3.86854	14.2886	11.5798	9.7716	8.49227	7.54143	10.3392	8.74845	7.61288	11.9161
25100	10.6305	7.98561	6.44518	5.45332	4.76234	4.25168	3.8572	14.2454	11.5438	9.741	8.46574	7.518	10.3075	8.72129	7.58918	11.8788
25200	10.5991	7.96115	6.42549	5.43686	4.74815	4.23915	3.84593	14.2025	11.508	9.71063	8.4394	7.49473	10.276	8.69432	7.56565	11.8419
25300	10.5678	7.93686	6.40595	5.42052	4.73405	4.22671	3.83474	14.1598	11.4724	9.68046	8.41325	7.47163	10.2447	8.66754	7.54228	11.8051
25400	10.5367	7.91274	6.38654	5.4043	4.72006	4.21436	3.82364	14.1175	11.4371	9.65051	8.38728	7.44869	10.2137	8.64094	7.51908	11.7687
25500	10.5058	7.8888	6.36727	5.38819	4.70617	4.20209	3.81261	14.0754	11.4021	9.62078	8.36151	7.42593	10.1828	8.61453	7.49604	11.7324
25600	10.4751	7.86501	6.34814	5.3722	4.69238	4.18991	3.80166	14.0336	11.3673	9.59125	8.33591	7.40332	10.1522	8.5883	7.47316	11.6965
25700	10.4447	7.8414	6.32915	5.35632	4.67869	4.17782	3.79079	13.992	11.3327	9.56193	8.3105	7.38087	10.1217	8.56226	7.45044	11.6607
25800	10.4144	7.81794	6.31029	5.34055	4.66509	4.16581	3.77999	13.9508	11.2984	9.53281	8.28526	7.35859	10.0915	8.53639	7.42788	11.6252
25900	10.3843	7.79465	6.29156	5.3249	4.65159	4.15389	3.76926	13.9098	11.2643	9.5039	8.26021	7.33646	10.0615	8.51069	7.40547	11.59
26000	10.3544	7.77152	6.27296	5.30936	4.63819	4.14204	3.75861	13.869	11.2304	9.47518	8.23533	7.31449	10.0316	8.48518	7.38322	11.555
26100	10.3247	7.74855	6.2545	5.29392	4.62488	4.13028	3.74804	13.8285	11.1967	9.44667	8.21062	7.29267	10.002	8.45983	7.36113	11.5202
26200	10.2952	7.72573	6.23616	5.27859	4.61165	4.11861	3.73753	13.7883	11.1633	9.41835	8.18609	7.271	9.97253	8.43466	7.33918	11.4857
26300	10.2659	7.70307	6.21795	5.26337	4.59853	4.10701	3.7271	13.7484	11.1301	9.39023	8.16172	7.24949	9.94328	8.40966	7.31738	11.4513
26400	10.2368	7.68056	6.19986	5.24826	4.58549	4.09549	3.71674	13.7087	11.0972	9.3623	8.13752	7.22812	9.91422	8.38482	7.29574	11.4173
26500	10.2079	7.65821	6.1819	5.23325	4.57254	4.08405	3.70645	13.6692	11.0644	9.33456	8.11349	7.2069	9.88535	8.36016	7.27423	11.3834
26600	10.1791	7.636	6.16406	5.21834	4.55968	4.07269	3.69623	13.63	11.0319	9.30701	8.08963	7.18583	9.85667	8.33565	7.25288	11.3498
26700	10.1505	7.61395	6.14635	5.20353	4.54691	4.0614	3.68608	13.5911	10.9996	9.27964	8.06592	7.1649	9.82817	8.31131	7.23166	11.3163
26800	10.1221	7.59204	6.12875	5.18882	4.53422	4.05019	3.676	13.5524	10.9675	9.25246	8.04238	7.14412	9.79986	8.28713	7.21059	11.2831
26900	10.0939	7.57027	6.11128	5.17422	4.52162	4.03906	3.66598	13.5139	10.9356	9.22546	8.019	7.12348	9.77173	8.26311	7.18966	11.2501
27000	10.0659	7.54865	6.09392	5.15971	4.5091	4.028	3.65603	13.4757	10.9039	9.19864	7.99577	7.10297	9.74377	8.23924	7.16887	11.2173
27100	10.038	7.52718	6.07668	5.1453	4.49667	4.01701	3.64615	13.4377	10.8724	9.172	7.9727	7.08261	9.716	8.21553	7.14822	11.1848
27200	10.0103	7.50584	6.05955	5.13099	4.48432	4.0061	3.63633	13.4	10.8412	9.14553	7.94979	7.06238	9.68841	8.19198	7.1277	11.1524
27300	9.98277	7.48465	6.04254	5.11677	4.47205	3.99526	3.62657	13.3624	10.8101	9.11924	7.92702	7.04228	9.66099	8.16858	7.10731	11.1203
27400	9.95542	7.46359	6.02564	5.10265	4.45986	3.98448	3.61688	13.3252	10.7792	9.09312	7.90441	7.02233	9.63374	8.14533	7.08706	11.0883
27500	9.92823	7.44267	6.00885	5.08862	4.44776	3.97378	3.60725	13.2881	10.7485	9.06718	7.88195	7.0025	9.60666	8.12223	7.06694	11.0566
27600	9.90121	7.42188	5.99217	5.07468	4.43573	3.96315	3.59769	13.2513	10.7181	9.0414	7.85963	6.9828	9.57975	8.09928	7.04695	11.025
27700	9.87435	7.40123	5.97561	5.06083	4.42378	3.95259	3.58818	13.2147	10.6878	9.01579	7.83746	6.96324	9.55302	8.07647	7.02709	10.9937
27800	9.84766	7.38072	5.95915	5.04708	4.41191	3.9421	3.57874	13.1783	10.6577	8.99035	7.81544	6.9438	9.52644	8.05381	7.00736	10.9626
27900	9.82113	7.36033	5.9428	5.03341	4.40012	3.93167	3.56936	13.1421	10.6278	8.96507	7.79356	6.92449	9.50004	8.03129	6.98776	10.9316
28000	9.79475	7.34007	5.92655	5.01984	4.3884	3.92131	3.56004	13.1062	10.5981	8.93995	7.77182	6.9053	9.4738	8.00892	6.96828	10.9008
28100	9.76854	7.31995	5.91042	5.00635	4.37676	3.91102	3.55077	13.0704	10.5686	8.915	7.75023	6.88624	9.44772	7.98669	6.94892	10.8703
28200	9.74249	7.29995	5.89438	4.99295	4.36519	3.9008	3.54157	13.0349	10.5392	8.89021	7.72877	6.86731	9.4218	7.9646	6.92969	10.8399
28300	9.71659	7.28008	5.87845	4.97963	4.3537	3.89064	3.53242	12.9996	10.5101	8.86557	7.70745	6.84849	9.39604	7.94265	6.91059	10.8097
28400	9.69085	7.26034	5.86262	4.9664	4.34228	3.88054	3.52334	12.9646	10.4811	8.84109	7.68627	6.8298	9.37044	7.92083	6.8916	10.7797
28500	9.66526	7.24072	5.84689	4.95326	4.33093	3.87051	3.51431	12.9297	10.4523	8.81677	7.66522	6.81123	9.345	7.89915	6.87273	10.7499
28600	9.63982	7.22122	5.83127	4.9402	4.31966	3.86054	3.50533	12.895	10.4237	8.7926	7.64431	6.79278	9.31971	7.87761	6.85398	10.7203
28700	9.61453	7.20184	5.81574	4.92722	4.30846	3.85063	3.49641	12.8606	10.3953	8.76859	7.62353	6.77444	9.29457	7.8562	6.83535	10.6908
28800	9.58939	7.18259	5.80031	4.91433	4.29732	3.84078	3.48755	12.8263	10.3671	8.74472	7.60288	6.75622	9.26959	7.83492	6.81683	10.6615
28900	9.5644	7.16346	5.78498	4.90151	4.28626	3.831	3.47874	12.7922	10.339	8.72101	7.58236	6.73812	9.24476	7.81378	6.79843	10.6324
29000	9.53956	7.14444	5.76974	4.88878	4.27527	3.82128	3.46999	12.7584	10.3111	8.69744	7.56198	6.72013	9.22007	7.79276	6.78015	10.6035
29100	9.51486	7.12554	5.7546	4.87613	4.26434	3.81161	3.46129	12.7247	10.2833	8.67402	7.54172	6.70226	9.19554	7.77187	6.76197	10.5748
29200	9.49031	7.10676	5.73956	4.86355	4.25348	3.80201	3.45265	12.6913	10.2558	8.65074	7.52158	6.6845	9.17115	7.75111	6.74391	10.5462
29300	9.46589	7.08809	5.7246	4.85105	4.24269	3.79247	3.44405	12.658	10.2284	8.62761	7.50157	6.66685	9.14691	7.73048	6.72597	10.5178
29400	9.44162	7.06954	5.70974	4.83863	4.23197	3.78298	3.43551	12.625	10.2011	8.60462	7.48169	6.64931	9.1228	7.70997	6.70812	10.4896
29500	9.41749	7.0511	5.69497	4.82629	4.22131	3.77355	3.42702	12.5921	10.174	8.58177	7.46193	6.63188	9.09885	7.68958	6.69039	10.4615
29600	9.3935	7.03277	5.6803	4.81402	4.21071	3.76418	3.41859	12.5594	10.1471	8.55906	7.44229	6.61455	9.07503	7.66932	6.67277	10.4336
29700	9.36964	7.01455	5.66571	4.80183	4.20018	3.75487	3.4102	12.5269	10.1204	8.53649	7.42277	6.59734	9.05135	7.64918	6.65526	10.4059
29800	9.34592	6.99644	5.65121	4.78971	4.18972	3.74561	3.40186	12.4946	10.0938	8.51406	7.40337	6.58022	9.02781	7.62915	6.63784	10.3783
29900	9.32234	6.97844	5.6368	4.77766	4.17932	3.7364	3.39358	12.4624	10.0674	8.49176	7.38409	6.56322	9.00441	7.60925	6.62054	10.3509
30000	9.29889	6.96054	5.62247	4.76569	4.16898	3.72726	3.38534	12.4305	10.0411	8.46959	7.36493	6.54632	8.98115	7.58947	6.60334	10.3237
30100	9.27557	6.94276	5.60824	4.75379	4.1587	3.71816	3.37715	12.3987	10.015	8.44756	7.34588	6.52952	8.95802	7.5698	6.58624	10.2966
30200	9.25239	6.92508	5.59408	4.74197	4.14848	3.70912	3.36901	12.3671	9.98903	8.42567	7.32695	6.51282	8.93502	7.55025	6.56924	10.2697
30300	9.22933	6.9075	5.58002	4.73021	4.13833	3.70014	3.36092	12.3357	9.96322	8.4039	7.30813	6.49623	8.91216	7.53081	6.55235	10.2429
30400	9.20641	6.89003	5.56604	4.71852	4.12823	3.69121	3.35288	12.3045	9.93756	8.38226	7.28942	6.47973	8.88942	7.51149	6.53555	10.2163
30500	9.18361	6.87266	5.55214	4.7069	4.1182	3.68233	3.34488	12.2734	9.91205	8.36075	7.27083	6.46334	8.86682	7.49228	6.51886	10.1899
30600	9.16094	6.8554	5.53832	4.69536	4.10822	3.6735	3.33693	12.2425	9.88669	8.33937	7.25235	6.44704	8.84435	7.47319	6.50226	10.1636
30700	9.1384	6.83823	5.52459	4.68388	4.0983	3.66472	3.32902	12.2119	9.86148	8.31812	7.23398	6.43084	8.82201	7.4542	6.48576	10.1374
30800	9.11598	6.82117	5.51094	4.67246	4.08844	3.656	3.32117	12.1813	9.83641	8.29699	7.21572	6.41474	8.79979	7.43533	6.46936	10.1114
30900	9.09368	6.8042	5.49737	4.66112	4.07864	3.64732	3.31335	12.1509	9.81149	8.27599	7.19756	6.39874	8.7777	7.41657	6.45306	10.0856
31000	9.07151	6.78733	5.48387	4.64984	4.0689	3.6387	3.30559	12.1207	9.78672	8.25511	7.17952	6.38283	8.75574	7.39791	6.43685	10.0599
31100	9.04947	6.77057	5.47046	4.63863	4.05921	3.63013	3.29786	12.0907	9.76208	8.23435	7.16158	6.36701	8.7339	7.37936	6.42073	10.0343
31200	9.02754	6.75389	5.45713	4.62748	4.04958	3.6216	3.29019	12.0609	9.73759	8.21371	7.14375	6.35129	8.71218	7.36092	6.40471	10.0089
31300	9.00573	6.73732	5.44387	4.6164	4.04	3.61313	3.28255	12.0312	9.71324	8.19319	7.12602	6.33566	8.69059	7.34258	6.38878	9.98363
31400	8.98405	6.72084	5.43069	4.60539	4.03048	3.6047	3.27496	12.0016	9.68903	8.1728	7.10839	6.32012	8.66912	7.32435	6.37294	9.95851
31500	8.96248	6.70445	5.41759	4.59443	4.02102	3.59632	3.26741	11.9723	9.66495	8.15252	7.09087	6.30467	8.64776	7.30622	6.3572	9.93353
31600	8.94102	6.68816	5.40456	4.58354	4.01161	3.58799	3.25991	11.943	9.64101	8.13235	7.07345	6.28932	8.62653	7.2882	6.34154	9.90869
31700	8.91969	6.67196	5.39161	4.57271	4.00225	3.57971	3.25245	11.914	9.61721	8.1123	7.05613	6.27405	8.60541	7.27028	6.32598	9.88399
31800	8.89847	6.65585	5.37873	4.56194	3.99295	3.57147	3.24503	11.8851	9.59354	8.09237	7.03891	6.25887	8.58441	7.25245	6.3105	9.85942
31900	8.87736	6.63983	5.36592	4.55124	3.98369	3.56328	3.23765	11.8563	9.57001	8.07255	7.02179	6.24378	8.56353	7.23473	6.29511	9.835
32000	8.85637	6.6239	5.35319	4.54059	3.97449	3.55513	3.23031	11.8277	9.5466	8.05284	7.00476	6.22878	8.54275	7.21711	6.27981	9.81071
32100	8.83549	6.60806	5.34053	4.53001	3.96534	3.54704	3.22302	11.7993	9.52332	8.03325	6.98784	6.21386	8.5221	7.19958	6.26459	9.78655
32200	8.81472	6.59231	5.32794	4.51949	3.95625	3.53898	3.21576	11.771	9.50018	8.01376	6.97101	6.19902	8.50155	7.18215	6.24946	9.76252
32300	8.79406	6.57665	5.31542	4.50902	3.9472	3.53097	3.20854	11.7429	9.47716	7.99439	6.95427	6.18428	8.48112	7.16482	6.23442	9.73863
32400	8.77351	6.56107	5.30297	4.49861	3.9382	3.52301	3.20137	11.7149	9.45427	7.97512	6.93763	6.16961	8.4608	7.14759	6.21945	9.71487
32500	8.75307	6.54559	5.29059	4.48826	3.92926	3.51509	3.19423	11.6871	9.43151	7.95596	6.92108	6.15503	8.44059	7.13045	6.20458	9.69124
32600	8.73274	6.53018	5.27828	4.47797	3.92036	3.50721	3.18713	11.6594	9.40887	7.93691	6.90463	6.14053	8.42048	7.1134	6.18978	9.66774
32700	8.71251	6.51486	5.26604	4.46773	3.91151	3.49937	3.18007	11.6319	9.38636	7.91796	6.88827	6.12611	8.40049	7.09645	6.17506	9.64436
32800	8.6924	6.49963	5.25387	4.45756	3.90271	3.49158	3.17305	11.6045	9.36396	7.89912	6.872	6.11177	8.3806	7.07959	6.16043	9.62111
32900	8.67238	6.48448	5.24176	4.44743	3.89396	3.48383	3.16607	11.5772	9.34169	7.88038	6.85582	6.09752	8.36082	7.06282	6.14588	9.59799
33000	8.65248	6.46941	5.22972	4.43736	3.88526	3.47612	3.15912	11.5502	9.31955	7.86175	6.83972	6.08334	8.34115	7.04614	6.13141	9.57499
33100	8.63267	6.45442	5.21775	4.42735	3.8766	3.46846	3.15221	11.5232	9.29752	7.84322	6.82372	6.06924	8.32158	7.02955	6.11701	9.55212
33200	8.61297	6.43952	5.20584	4.4174	3.86799	3.46083	3.14534	11.4964	9.27561	7.82479	6.80781	6.05522	8.30211	7.01306	6.1027	9.52936
33300	8.59337	6.4247	5.194	4.40749	3.85943	3.45325	3.13851	11.4697	9.25382	7.80646	6.79199	6.04128	8.28275	6.99665	6.08846	9.50673
33400	8.57387	6.40995	5.18222	4.39764	3.85091	3.44571	3.13171	11.4431	9.23214	7.78823	6.77625	6.02742	8.26349	6.98033	6.0743	9.48422
33500	8.55448	6.39529	5.17051	4.38785	3.84244	3.4382	3.12495	11.4167	9.21059	7.7701	6.7606	6.01363	8.24433	6.9641	6.06022	9.46183
33600	8.53518	6.3807	5.15886	4.37811	3.83402	3.43074	3.11823	11.3905	9.18914	7.75206	6.74503	5.99991	8.22527	6.94795	6.04621	9.43956
33700	8.51598	6.3662	5.14727	4.36842	3.82564	3.42332	3.11154	11.3643	9.16782	7.73413	6.72955	5.98627	8.20631	6.93189	6.03228	9.41741
33800	8.49689	6.35177	5.13575	4.35878	3.8173	3.41594	3.10488	11.3384	9.1466	7.71629	6.71415	5.97271	8.18745	6.91592	6.01842	9.39537
33900	8.47788	6.33742	5.12429	4.34919	3.80901	3.40859	3.09827	11.3125	9.1255	7.69855	6.69883	5.95922	8.16869	6.90003	6.00464	9.37345
34000	8.45898	6.32314	5.11289	4.33965	3.80076	3.40129	3.09168	11.2867	9.10451	7.6809	6.6836	5.9458	8.15003	6.88422	5.99093	9.35165
34100	8.44017	6.30894	5.10154	4.33017	3.79256	3.39402	3.08513	11.2612	9.08363	7.66335	6.66845	5.93246	8.13146	6.8685	5.9773	9.32996
34200	8.42146	6.29482	5.09026	4.32073	3.7844	3.38679	3.07862	11.2357	9.06286	7.64589	6.65338	5.91918	8.11299	6.85286	5.96373	9.30838
34300	8.40284	6.28076	5.07904	4.31135	3.77628	3.3796	3.07213	11.2103	9.0422	7.62853	6.63839	5.90598	8.09461	6.8373	5.95024	9.28692
34400	8.38432	6.26679	5.06788	4.30201	3.7682	3.37244	3.06569	11.1851	9.02165	7.61125	6.62348	5.89285	8.07633	6.82182	5.93682	9.26556
34500	8.36588	6.25288	5.05678	4.29273	3.76017	3.36533	3.05927	11.16	9.00121	7.59407	6.60865	5.87979	8.05814	6.80642	5.92347	9.24432
34600	8.34754	6.23905	5.04574	4.28349	3.75218	3.35825	3.05289	11.1351	8.98087	7.57698	6.5939	5.8668	8.04005	6.79111	5.91019	9.22318
34700	8.3293	6.22529	5.03475	4.2743	3.74423	3.3512	3.04654	11.1103	8.96063	7.55997	6.57923	5.85388	8.02205	6.77587	5.89698	9.20216
34800	8.31114	6.2116	5.02382	4.26516	3.73632	3.3442	3.04022	11.0855	8.9405	7.54306	6.56463	5.84102	8.00413	6.76071	5.88384	9.18124
34900	8.29307	6.19799	5.01295	4.25607	3.72845	3.33722	3.03394	11.061	8.92048	7.52623	6.55012	5.82824	7.98631	6.74563	5.87077	9.16043
35000	8.2751	6.18444	5.00214	4.24702	3.72062	3.33029	3.02769	11.0365	8.90055	7.50949	6.53567	5.81552	7.96858	6.73063	5.85777	9.13973
35100	8.25721	6.17096	4.99138	4.23802	3.71284	3.32339	3.02147	11.0121	8.88073	7.49284	6.5213	5.80287	7.95094	6.7157	5.84483	9.11913
35200	8.23941	6.15755	4.98067	4.22906	3.70509	3.31652	3.01528	10.9879	8.86101	7.47627	6.50701	5.79028	7.93339	6.70085	5.83196	9.09863
35300	8.2217	6.14421	4.97002	4.22015	3.69738	3.30969	3.00912	10.9638	8.84139	7.45979	6.49279	5.77776	7.91592	6.68608	5.81915	9.07824
35400	8.20407	6.13094	4.95943	4.21129	3.68971	3.30289	3.00299	10.9398	8.82187	7.44339	6.47865	5.76531	7.89854	6.67138	5.80641	9.05795
35500	8.18653	6.11774	4.94889	4.20247	3.68208	3.29613	2.9969	10.916	8.80245	7.42708	6.46457	5.75292	7.88125	6.65675	5.79374	9.03776
35600	8.16908	6.1046	4.9384	4.19369	3.67448	3.2894	2.99083	10.8922	8.78312	7.41085	6.45057	5.74059	7.86404	6.6422	5.78113	9.01768
35700	8.15171	6.09153	4.92797	4.18496	3.66693	3.28271	2.9848	10.8686	8.7639	7.39471	6.43664	5.72833	7.84692	6.62772	5.76858	8.99769
35800	8.13443	6.07852	4.91759	4.17628	3.65941	3.27605	2.97879	10.8451	8.74477	7.37864	6.42279	5.71613	7.82989	6.61331	5.7561	8.97781
35900	8.11723	6.06558	4.90726	4.16764	3.65193	3.26942	2.97281	10.8216	8.72573	7.36266	6.409	5.70399	7.81293	6.59898	5.74368	8.95802
36000	8.10011	6.05271	4.89698	4.15904	3.64449	3.26282	2.96687	10.7984	8.70679	7.34676	6.39528	5.69192	7.79606	6.58472	5.73133	8.93834
36100	8.08308	6.03989	4.88676	4.15048	3.63709	3.25626	2.96095	10.7752	8.68795	7.33094	6.38164	5.6799	7.77928	6.57053	5.71903	8.91875
36200	8.06613	6.02715	4.87659	4.14197	3.62972	3.24973	2.95506	10.7521	8.6692	7.3152	6.36806	5.66795	7.76258	6.5564	5.7068	8.89926
36300	8.04926	6.01446	4.86646	4.1335	3.62239	3.24323	2.94921	10.7292	8.65054	7.29953	6.35455	5.65606	7.74595	6.54236	5.69463	8.87986
36400	8.03247	6.00184	4.85639	4.12507	3.61509	3.23677	2.94337	10.7063	8.63198	7.28395	6.34111	5.64423	7.72941	6.52837	5.68252	8.86056
36500	8.01576	5.98929	4.84637	4.11668	3.60783	3.23033	2.93757	10.6836	8.6135	7.26844	6.32774	5.63246	7.71295	6.51446	5.67047	8.84136
36600	7.99913	5.97679	4.8364	4.10834	3.60061	3.22393	2.9318	10.6609	8.59512	7.25302	6.31444	5.62075	7.69657	6.50062	5.65849	8.82225
36700	7.98258	5.96436	4.82648	4.10003	3.59342	3.21756	2.92605	10.6384	8.57683	7.23766	6.3012	5.6091	7.68027	6.48685	5.64656	8.80323
36800	7.9661	5.95198	4.8166	4.09177	3.58627	3.21122	2.92034	10.616	8.55863	7.22239	6.28803	5.59751	7.66405	6.47314	5.63469	8.78431
36900	7.94971	5.93967	4.80678	4.08355	3.57915	3.20491	2.91465	10.5937	8.54052	7.20719	6.27492	5.58597	7.64791	6.4595	5.62288	8.76548
37000	7.93339	5.92742	4.797	4.07537	3.57207	3.19863	2.90898	10.5715	8.52249	7.19207	6.26188	5.5745	7.63184	6.44593	5.61113	8.74674
37100	7.91715	5.91523	4.78727	4.06722	3.56502	3.19238	2.90335	10.5494	8.50456	7.17702	6.24891	5.56308	7.61585	6.43242	5.59943	8.72809
37200	7.90099	5.9031	4.77759	4.05912	3.558	3.18616	2.89774	10.5274	8.48671	7.16204	6.236	5.55172	7.59994	6.41898	5.5878	8.70954
37300	7.8849	5.89102	4.76796	4.05106	3.55102	3.17997	2.89216	10.5055	8.46895	7.14714	6.22315	5.54041	7.5841	6.40561	5.57622	8.69107
37400	7.86889	5.87901	4.75837	4.04303	3.54407	3.17381	2.8866	10.4838	8.45127	7.13232	6.21037	5.52916	7.56834	6.3923	5.5647	8.67269
37500	7.85295	5.86705	4.74883	4.03505	3.53716	3.16768	2.88108	10.4621	8.43368	7.11756	6.19765	5.51797	7.55266	6.37905	5.55323	8.65441
37600	7.83709	5.85515	4.73934	4.0271	3.53028	3.16158	2.87557	10.4405	8.41618	7.10288	6.18499	5.50683	7.53705	6.36587	5.54182	8.6362
37700	7.8213	5.84331	4.72989	4.01919	3.52343	3.1555	2.8701	10.419	8.39875	7.08826	6.17239	5.49575	7.52151	6.35275	5.53047	8.61809
37800	7.80558	5.83152	4.72049	4.01132	3.51661	3.14946	2.86465	10.3976	8.38141	7.07372	6.15986	5.48472	7.50604	6.33969	5.51917	8.60006
37900	7.78994	5.81979	4.71113	4.00349	3.50983	3.14345	2.85922	10.3764	8.36416	7.05925	6.14738	5.47374	7.49065	6.3267	5.50792	8.58212
38000	7.77437	5.80811	4.70182	3.99569	3.50308	3.13746	2.85383	10.3552	8.34698	7.04485	6.13497	5.46282	7.47533	6.31377	5.49673	8.56426
38100	7.75887	5.7965	4.69255	3.98793	3.49636	3.1315	2.84845	10.3341	8.32989	7.03051	6.12261	5.45195	7.46008	6.3009	5.48559	8.54649
38200	7.74344	5.78493	4.68332	3.98021	3.48967	3.12557	2.8431	10.3131	8.31288	7.01625	6.11032	5.44114	7.44491	6.28809	5.47451	8.52881
38300	7.72808	5.77342	4.67414	3.97252	3.48301	3.11967	2.83778	10.2922	8.29595	7.00205	6.09809	5.43037	7.4298	6.27534	5.46348	8.5112
38400	7.71279	5.76197	4.665	3.96487	3.47639	3.11379	2.83248	10.2714	8.2791	6.98792	6.08591	5.41966	7.41476	6.26265	5.4525	8.49368
38500	7.69757	5.75057	4.65591	3.95725	3.46979	3.10794	2.82721	10.2507	8.26233	6.97386	6.07379	5.409	7.3998	6.25002	5.44158	8.47624
38600	7.68242	5.73922	4.64686	3.94967	3.46323	3.10212	2.82195	10.2301	8.24563	6.95987	6.06173	5.39839	7.3849	6.23745	5.4307	8.45888
38700	7.66734	5.72792	4.63785	3.94213	3.45669	3.09633	2.81673	10.2096	8.22902	6.94594	6.04973	5.38783	7.37007	6.22494	5.41988	8.4416
38800	7.65233	5.71668	4.62888	3.93462	3.45019	3.09056	2.81153	10.1892	8.21248	6.93208	6.03779	5.37733	7.35531	6.21249	5.40911	8.42441
38900	7.63738	5.70549	4.61995	3.92714	3.44371	3.08482	2.80635	10.1688	8.19601	6.91828	6.0259	5.36687	7.34061	6.20009	5.39839	8.40729
39000	7.62251	5.69435	4.61107	3.9197	3.43727	3.0791	2.80119	10.1486	8.17963	6.90455	6.01406	5.35646	7.32599	6.18775	5.38772	8.39025
39100	7.60769	5.68327	4.60222	3.9123	3.43086	3.07341	2.79606	10.1285	8.16332	6.89088	6.00229	5.3461	7.31143	6.17547	5.3771	8.3733
39200	7.59295	5.67223	4.59342	3.90493	3.42447	3.06775	2.79095	10.1084	8.14709	6.87727	5.99057	5.33579	7.29693	6.16325	5.36653	8.35642
39300	7.57827	5.66125	4.58466	3.89759	3.41811	3.06211	2.78587	10.0884	8.13093	6.86373	5.9789	5.32553	7.2825	6.15108	5.356	8.33962
39400	7.56366	5.65031	4.57594	3.89029	3.41179	3.0565	2.7808	10.0686	8.11485	6.85025	5.96729	5.31532	7.26814	6.13897	5.34553	8.32289
39500	7.54911	5.63943	4.56726	3.88301	3.40549	3.05092	2.77576	10.0488	8.09883	6.83684	5.95573	5.30516	7.25385	6.12692	5.33511	8.30625
39600	7.53463	5.62859	4.55861	3.87578	3.39922	3.04535	2.77075	10.0291	8.0829	6.82349	5.94423	5.29504	7.23961	6.11491	5.32473	8.28967
39700	7.52021	5.61781	4.55001	3.86857	3.39297	3.03982	2.76575	10.0095	8.06703	6.8102	5.93278	5.28497	7.22544	6.10297	5.3144	8.27318
39800	7.50585	5.60708	4.54145	3.8614	3.38676	3.03431	2.76078	9.98995	8.05124	6.79697	5.92138	5.27495	7.21134	6.09108	5.30412	8.25676
39900	7.49156	5.59639	4.53292	3.85426	3.38058	3.02882	2.75583	9.97051	8.03552	6.7838	5.91004	5.26497	7.1973	6.07924	5.29389	8.24041
40000	7.47733	5.58575	4.52444	3.84715	3.37442	3.02336	2.7509	9.95116	8.01987	6.77069	5.89875	5.25504	7.18332	6.06746	5.28371	8.22414
40100	7.46317	5.57516	4.51599	3.84008	3.36829	3.01792	2.746	9.9319	8.0043	6.75764	5.88751	5.24516	7.16941	6.05573	5.27357	8.20795
40200	7.44906	5.56462	4.50758	3.83304	3.36218	3.0125	2.74111	9.91272	7.98879	6.74465	5.87632	5.23532	7.15555	6.04406	5.26348	8.19182
40300	7.43502	5.55412	4.49921	3.82602	3.35611	3.00712	2.73625	9.89362	7.97335	6.73172	5.86519	5.22553	7.14176	6.03243	5.25343	8.17577
40400	7.42104	5.54368	4.49088	3.81904	3.35006	3.00175	2.73141	9.87461	7.95798	6.71885	5.8541	5.21578	7.12803	6.02086	5.24343	8.15979
40500	7.40712	5.53327	4.48259	3.81209	3.34404	2.99641	2.72659	9.85568	7.94268	6.70604	5.84307	5.20608	7.11435	6.00934	5.23348	8.14388
40600	7.39326	5.52292	4.47433	3.80518	3.33804	2.99109	2.72179	9.83683	7.92745	6.69328	5.83208	5.19642	7.10074	5.99787	5.22356	8.12805
40700	7.37946	5.51261	4.4661	3.79829	3.33207	2.98579	2.71701	9.81806	7.91229	6.68059	5.82115	5.18681	7.08719	5.98646	5.2137	8.11228
40800	7.36571	5.50235	4.45792	3.79143	3.32613	2.98052	2.71225	9.79938	7.89719	6.66795	5.81026	5.17724	7.0737	5.97509	5.20388	8.09659
40900	7.35203	5.49213	4.44977	3.7846	3.32021	2.97527	2.70752	9.78078	7.88217	6.65536	5.79943	5.16771	7.06027	5.96378	5.1941	8.08096
41000	7.33841	5.48196	4.44166	3.77781	3.31432	2.97004	2.7028	9.76225	7.8672	6.64284	5.78864	5.15822	7.0469	5.95251	5.18437	8.0654
41100	7.32485	5.47183	4.43358	3.77104	3.30846	2.96484	2.6981	9.74381	7.85231	6.63037	5.7779	5.14878	7.03358	5.9413	5.17468	8.04992
41200	7.31134	5.46175	4.42554	3.7643	3.30262	2.95966	2.69343	9.72544	7.83748	6.61795	5.76721	5.13939	7.02032	5.93013	5.16503	8.0345
41300	7.29789	5.45171	4.41753	3.75759	3.2968	2.9545	2.68877	9.70716	7.82271	6.60559	5.75657	5.13003	7.00712	5.91901	5.15543	8.01914
41400	7.2845	5.44171	4.40956	3.75091	3.29101	2.94936	2.68414	9.68895	7.80801	6.59328	5.74597	5.12071	6.99398	5.90794	5.14587	8.00386
41500	7.27117	5.43176	4.40162	3.74426	3.28525	2.94425	2.67952	9.67082	7.79337	6.58103	5.73542	5.11144	6.98089	5.89693	5.13635	7.98864
41600	7.25789	5.42185	4.39372	3.73764	3.27951	2.93915	2.67493	9.65276	7.7788	6.56883	5.72492	5.10221	6.96786	5.88595	5.12687	7.97349
41700	7.24467	5.41199	4.38585	3.73104	3.27379	2.93408	2.67035	9.63479	7.76429	6.55669	5.71446	5.09302	6.95489	5.87503	5.11744	7.95841
41800	7.2315	5.40216	4.37802	3.72448	3.2681	2.92903	2.66579	9.61688	7.74984	6.5446	5.70406	5.08387	6.94197	5.86415	5.10804	7.94339
41900	7.21839	5.39238	4.37022	3.71794	3.26243	2.92401	2.66126	9.59906	7.73546	6.53256	5.69369	5.07476	6.9291	5.85332	5.09869	7.92843
42000	7.20533	5.38264	4.36245	3.71143	3.25679	2.919	2.65674	9.58131	7.72114	6.52057	5.68337	5.06569	6.91629	5.84254	5.08938	7.91354
42100	7.19233	5.37295	4.35471	3.70495	3.25117	2.91401	2.65224	9.56363	7.70687	6.50864	5.6731	5.05666	6.90354	5.8318	5.08011	7.89871
42200	7.17938	5.36329	4.34701	3.6985	3.24558	2.90905	2.64776	9.54603	7.69267	6.49675	5.66287	5.04767	6.89083	5.82111	5.07088	7.88395
42300	7.16649	5.35368	4.33935	3.69207	3.24001	2.9041	2.64329	9.5285	7.67854	6.48492	5.65269	5.03872	6.87819	5.81047	5.06168	7.86925
42400	7.15365	5.3441	4.33171	3.68567	3.23446	2.89918	2.63885	9.51104	7.66446	6.47314	5.64255	5.0298	6.86559	5.79987	5.05253	7.85462
42500	7.14087	5.33457	4.32411	3.6793	3.22893	2.89428	2.63442	9.49366	7.65044	6.46141	5.63245	5.02093	6.85305	5.78931	5.04342	7.84004
42600	7.12813	5.32508	4.31654	3.67295	3.22343	2.88939	2.63002	9.47635	7.63648	6.44973	5.6224	5.0121	6.84056	5.77881	5.03435	7.82553
42700	7.11545	5.31563	4.309	3.66663	3.21795	2.88453	2.62563	9.45911	7.62258	6.43811	5.61239	5.0033	6.82812	5.76834	5.02531	7.81108
42800	7.10283	5.30621	4.30149	3.66034	3.2125	2.87969	2.62126	9.44194	7.60874	6.42653	5.60243	4.99454	6.81574	5.75792	5.01632	7.79669
42900	7.09025	5.29684	4.29402	3.65408	3.20707	2.87487	2.61691	9.42484	7.59495	6.415	5.5925	4.98582	6.80341	5.74754	5.00736	7.78237
43000	7.07773	5.28751	4.28657	3.64784	3.20165	2.87006	2.61257	9.40782	7.58123	6.40352	5.58262	4.97714	6.79113	5.73721	4.99845	7.7681
43100	7.06525	5.27822	4.27916	3.64162	3.19627	2.86528	2.60826	9.39086	7.56757	6.39208	5.57279	4.96849	6.7789	5.72693	4.98957	7.7539
43200	7.05283	5.26896	4.27178	3.63544	3.1909	2.86052	2.60396	9.37397	7.55396	6.3807	5.56299	4.95988	6.76672	5.71668	4.98072	7.73975
43300	7.04046	5.25975	4.26443	3.62927	3.18556	2.85578	2.59967	9.35716	7.5404	6.36937	5.55324	4.95131	6.75459	5.70648	4.97192	7.72567
43400	7.02814	5.25057	4.25711	3.62314	3.18024	2.85105	2.59541	9.34041	7.52691	6.35808	5.54352	4.94278	6.74251	5.69632	4.96315	7.71164
43500	7.01587	5.24143	4.24982	3.61702	3.17494	2.84635	2.59117	9.32373	7.51347	6.34684	5.53385	4.93428	6.73048	5.68621	4.95442	7.69767
43600	7.00365	5.23233	4.24256	3.61094	3.16966	2.84166	2.58694	9.30712	7.50009	6.33565	5.52422	4.92582	6.7185	5.67613	4.94573	7.68376
43700	6.99148	5.22326	4.23533	3.60488	3.1644	2.837	2.58272	9.29057	7.48676	6.32451	5.51464	4.91739	6.70657	5.6661	4.93707	7.66991
43800	6.97936	5.21424	4.22813	3.59884	3.15917	2.83235	2.57853	9.2741	7.47349	6.31341	5.50509	4.909	6.69469	5.65611	4.92845	7.65612
43900	6.96729	5.20525	4.22096	3.59283	3.15395	2.82772	2.57435	9.25769	7.46028	6.30236	5.49558	4.90064	6.68286	5.64616	4.91987	7.64238
44000	6.95526	5.1963	4.21382	3.58684	3.14876	2.82311	2.57019	9.24134	7.44712	6.29136	5.48611	4.89232	6.67108	5.63626	4.91132	7.6287
44100	6.94329	5.18738	4.20671	3.58088	3.14359	2.81852	2.56604	9.22506	7.43401	6.2804	5.47668	4.88404	6.65934	5.62639	4.90281	7.61508
44200	6.93136	5.17851	4.19963	3.57494	3.13844	2.81395	2.56192	9.20885	7.42096	6.26948	5.46729	4.87579	6.64765	5.61656	4.89433	7.60152
44300	6.91948	5.16966	4.19258	3.56903	3.13331	2.8094	2.55781	9.1927	7.40796	6.25861	5.45794	4.86758	6.63601	5.60678	4.88589	7.58801
44400	6.90765	5.16086	4.18555	3.56314	3.1282	2.80486	2.55371	9.17662	7.39501	6.24779	5.44863	4.85939	6.62442	5.59703	4.87749	7.57456
44500	6.89587	5.15209	4.17856	3.55727	3.12311	2.80034	2.54963	9.1606	7.38212	6.23701	5.43936	4.85125	6.61287	5.58733	4.86912	7.56116
44600	6.88413	5.14335	4.17159	3.55143	3.11804	2.79584	2.54557	9.14465	7.36928	6.22628	5.43013	4.84313	6.60137	5.57767	4.86078	7.54781
44700	6.87244	5.13466	4.16465	3.54561	3.113	2.79136	2.54152	9.12875	7.35649	6.21559	5.42093	4.83505	6.58992	5.56804	4.85248	7.53453
44800	6.86079	5.12599	4.15774	3.53982	3.10797	2.7869	2.53749	9.11293	7.34375	6.20495	5.41177	4.82701	6.57851	5.55845	4.84421	7.52129
44900	6.84919	5.11736	4.15086	3.53404	3.10296	2.78245	2.53348	9.09716	7.33107	6.19434	5.40265	4.819	6.56715	5.54891	4.83598	7.50811
45000	6.83764	5.10877	4.14401	3.52829	3.09797	2.77802	2.52948	9.08146	7.31844	6.18378	5.39357	4.81102	6.55583	5.5394	4.82778	7.49498