300	154.416	145.964	139.969	135.352	131.614	128.48	125.788	79.8905	73.7082	69.089	65.4431	62.4564	144.988	139.962	135.906	74.4501
400	147.502	139.51	133.822	129.43	125.867	122.875	120.302	73.0436	67.3075	63.0245	59.6461	56.879	138.265	133.505	129.656	68.0064
500	142.408	134.742	129.271	125.04	121.602	118.712	116.224	68.0659	62.6667	58.6328	55.4485	52.839	133.307	128.735	125.034	63.3372
600	138.399	130.984	125.682	121.576	118.234	115.423	113.001	64.2409	59.0863	55.2353	52.1971	49.7086	129.409	124.984	121.396	59.7217
700	135.126	127.909	122.739	118.73	115.465	112.717	110.347	61.1119	56.1706	52.4784	49.5637	47.1751	126.221	121.91	118.412	56.79
800	132.362	125.309	120.25	116.322	113.122	110.426	108.1	58.5181	53.7471	50.1823	47.3684	45.0626	123.529	119.314	115.892	54.3474
900	129.973	123.061	118.097	114.24	111.094	108.443	106.155	56.3162	51.686	48.227	45.4974	43.2613	121.205	117.073	113.716	52.2657
1000	127.883	121.093	116.209	112.412	109.313	106.701	104.445	54.3864	49.8857	46.5231	43.869	41.6943	119.172	115.11	111.807	50.4516
1100	126.028	119.341	114.528	110.784	107.726	105.147	102.92	52.6867	48.3008	45.0234	42.436	40.3157	117.363	113.363	110.109	48.8551
1200	124.357	117.764	113.015	109.317	106.297	103.749	101.547	51.1807	46.8927	43.6883	41.1587	39.086	115.736	111.792	108.581	47.4337
1300	122.842	116.334	111.642	107.986	104.999	102.478	100.299	49.8237	45.624	42.4859	40.0094	37.9805	114.262	110.368	107.196	46.1523
1400	121.457	115.026	110.385	106.768	103.811	101.314	99.1557	48.5918	44.4727	41.3952	38.9666	36.9774	112.916	109.066	105.93	44.9901
1500	120.184	113.822	109.228	105.646	102.717	100.242	98.1027	47.4653	43.4208	40.3987	38.0137	36.0604	111.677	107.868	104.764	43.9286
1600	119.007	112.708	108.157	104.607	101.703	99.2488	97.1266	46.4281	42.454	39.484	37.1399	35.22	110.531	106.759	103.685	42.953
1700	117.913	111.672	107.16	103.64	100.759	98.3239	96.2178	45.4694	41.5594	38.6377	36.3317	34.4431	109.466	105.729	102.681	42.0506
1800	116.891	110.704	106.23	102.736	99.8765	97.4594	95.368	44.5816	40.7287	37.8507	35.58	33.7206	108.472	104.767	101.745	41.2123
1900	115.931	109.796	105.356	101.888	99.0485	96.6478	94.5703	43.7569	39.9567	37.1188	34.8807	33.0485	107.54	103.865	100.866	40.4321
2000	115.029	108.941	104.533	101.089	98.2687	95.8834	93.8189	42.9859	39.2362	36.4359	34.2278	32.4209	106.662	103.015	100.039	39.7032
2100	114.178	108.134	103.756	100.335	97.532	95.1614	93.1091	42.2607	38.5596	35.7951	33.6151	31.8315	105.834	102.214	99.2581	39.0186
2200	113.373	107.37	103.021	99.6204	96.8344	94.4774	92.4366	41.5755	37.921	35.191	33.0381	31.2767	105.052	101.456	98.5193	38.3734
2300	112.611	106.646	102.323	98.9424	96.172	93.8278	91.7979	40.9263	37.3164	34.62	32.4936	30.7538	104.309	100.737	97.8183	37.764
2400	111.885	105.958	101.659	98.2974	95.5417	93.2096	91.1899	40.3114	36.7435	34.0791	31.9781	30.2592	103.604	100.053	97.1516	37.1871
2500	111.193	105.301	101.027	97.6824	94.9407	92.6201	90.6101	39.7296	36.2004	33.5658	31.4888	29.7895	102.932	99.4011	96.5162	36.6397
2600	110.532	104.674	100.422	97.0947	94.3663	92.0567	90.056	39.1789	35.6855	33.0784	31.0236	29.3429	102.289	98.7788	95.9095	36.1196
2700	109.899	104.073	99.8431	96.5321	93.8165	91.5174	89.5255	38.6566	35.1968	32.6153	30.5813	28.9181	101.675	98.1833	95.329	35.6248
2800	109.293	103.497	99.288	95.9926	93.2893	91.0002	89.0168	38.1591	34.7317	32.1745	30.1602	28.5136	101.086	97.6125	94.7725	35.1535
2900	108.711	102.944	98.755	95.4745	92.7829	90.5035	88.5282	37.6834	34.2875	31.7538	29.7583	28.1273	100.521	97.0647	94.2383	34.7034
3000	108.152	102.413	98.2427	94.9764	92.296	90.0258	88.0583	37.2268	33.8617	31.351	29.3737	27.7577	99.9776	96.5382	93.7249	34.2724
3100	107.614	101.902	97.7496	94.4968	91.8273	89.5659	87.6058	36.7877	33.4526	30.9644	29.0048	27.4033	99.4554	96.0317	93.2309	33.8588
3200	107.097	101.409	97.2745	94.0347	91.3753	89.1224	87.1695	36.3643	33.0586	30.5926	28.6505	27.0634	98.9525	95.5438	92.7549	33.4614
3300	106.598	100.934	96.8162	93.5887	90.9391	88.6943	86.7482	35.9563	32.679	30.2347	28.3099	26.7368	98.4675	95.0732	92.2956	33.0791
3400	106.116	100.476	96.3735	93.1579	90.5177	88.2806	86.3412	35.5635	32.3136	29.8902	27.982	26.4225	97.9993	94.6188	91.8522	32.7112
3500	105.65	100.032	95.9454	92.7412	90.1102	87.8807	85.9476	35.1856	31.9618	29.5583	27.6659	26.1195	97.5466	94.1795	91.4234	32.3568
3600	105.198	99.603	95.5309	92.3379	89.7157	87.4934	85.5665	34.8226	31.6235	29.2388	27.3613	25.8272	97.1084	93.7542	91.0084	32.0153
3700	104.761	99.1868	95.1291	91.9469	89.3333	87.118	85.1971	34.4736	31.2981	28.931	27.0677	25.5452	96.6837	93.3422	90.6064	31.686
3800	104.337	98.783	94.7393	91.5676	88.9623	86.7539	84.8388	34.1377	30.9845	28.6343	26.7845	25.2733	96.2719	92.9427	90.2166	31.3683
3900	103.925	98.391	94.3609	91.1994	88.6021	86.4004	84.4909	33.8134	30.6819	28.348	26.5113	25.0109	95.8723	92.555	89.8383	31.0614
4000	103.525	98.0104	93.9934	90.8417	88.2522	86.0569	84.1528	33.4995	30.3891	28.0711	26.2471	24.7573	95.4844	92.1785	89.4708	30.7645
4100	103.137	97.6405	93.6362	90.494	87.9121	85.723	83.8242	33.195	30.1051	27.8027	25.9912	24.5117	95.1075	91.8127	89.1138	30.4768
4200	102.759	97.2808	93.2888	90.1559	87.5814	85.3983	83.5045	32.8989	29.8292	27.542	25.7426	24.2732	94.7411	91.457	88.7666	30.1976
4300	102.392	96.9308	92.9508	89.8269	87.2594	85.0822	83.1934	32.611	29.5609	27.2886	25.5011	24.0415	94.3847	91.111	88.4288	29.9265
4400	102.034	96.5901	92.6217	89.5064	86.9459	84.7743	82.8904	32.331	29.3	27.0424	25.2665	23.8164	94.0379	90.7742	88.1	29.6631
4500	101.686	96.2581	92.301	89.1941	86.6403	84.4742	82.5949	32.0585	29.0464	26.803	25.0384	23.5976	93.7	90.446	87.7796	29.407
4600	101.346	95.9345	91.9882	88.8895	86.3422	84.1815	82.3068	31.7935	28.7998	26.5704	24.8169	23.3852	93.3706	90.1261	87.4672	29.1581
4700	101.015	95.6187	91.683	88.5923	86.0513	83.8958	82.0255	31.5356	28.5601	26.3445	24.6019	23.1791	93.0493	89.8141	87.1624	28.9161
4800	100.692	95.3105	91.3851	88.3021	85.7672	83.6169	81.7509	31.2849	28.3271	26.1249	24.3931	22.9791	92.7357	89.5094	86.8649	28.6807
4900	100.376	95.0095	91.094	88.0186	85.4897	83.3444	81.4826	31.041	28.1005	25.9114	24.1898	22.7843	92.4295	89.212	86.5744	28.4517
5000	100.068	94.7154	90.8097	87.7416	85.2186	83.078	81.2204	30.8036	27.8799	25.7034	23.9919	22.5946	92.1303	88.9213	86.2905	28.2286
5100	99.7665	94.4279	90.5317	87.4708	84.9535	82.8177	80.964	30.5725	27.6649	25.5007	23.7988	22.4094	91.8378	88.6372	86.0131	28.0113
5200	99.4717	94.1466	90.2598	87.206	84.6943	82.563	80.7132	30.3473	27.4554	25.3029	23.6103	22.2284	91.5519	88.3595	85.7418	27.7993
5300	99.1833	93.8715	89.9938	86.9469	84.4406	82.3139	80.4679	30.1278	27.251	25.1098	23.4263	22.0521	91.2721	88.0877	85.4764	27.5924
5400	98.901	93.6021	89.7335	86.6932	84.1924	82.0702	80.228	29.9137	27.0515	24.9213	23.2468	21.8804	90.9983	87.8218	85.2168	27.3905
5500	98.6245	93.3384	89.4785	86.4449	83.9493	81.8314	79.9931	29.7047	26.8568	24.7373	23.0715	21.7127	90.7303	87.5615	84.9626	27.1934
5600	98.3537	93.08	89.2286	86.2015	83.711	81.5974	79.7627	29.5005	26.6666	24.5576	22.9002	21.5486	90.4678	87.3065	84.7135	27.0007
5700	98.0883	92.8267	88.9838	85.9629	83.4774	81.3678	79.5365	29.301	26.4807	24.382	22.7328	21.3877	90.2107	87.0566	84.4694	26.8124
5800	97.8282	92.5785	88.7437	85.729	83.2483	81.1426	79.3143	29.1058	26.299	24.2104	22.569	21.2297	89.9586	86.8117	84.23	26.6283
5900	97.5731	92.335	88.5082	85.4995	83.0236	80.9216	79.0961	28.9147	26.1212	24.0426	22.4087	21.0746	89.7114	86.5714	83.9952	26.4482
6000	97.3229	92.0962	88.2772	85.2744	82.8032	80.705	78.8825	28.7276	25.9474	23.8787	22.2527	20.9247	89.469	86.3359	83.765	26.2721
6100	97.0775	91.8619	88.0506	85.0536	82.587	80.4929	78.6742	28.5443	25.7772	23.7186	22.1011	20.7813	89.2313	86.1048	83.5394	26.1
6200	96.8366	91.6319	87.8281	84.8368	82.3749	80.2849	78.4701	28.3647	25.6104	23.5618	21.9529	20.6417	88.998	85.8781	83.3181	25.9316
6300	96.6	91.406	87.6096	84.6239	82.1666	80.0804	78.2693	28.1885	25.4469	23.4081	21.8073	20.5039	88.7689	85.6555	83.1007	25.7663
6400	96.3678	91.1843	87.3951	84.4148	81.9618	79.8793	78.0713	28.0159	25.2865	23.257	21.6637	20.3667	88.544	85.4368	82.887	25.6041
6500	96.1397	90.9664	87.1843	84.2093	81.7604	79.6813	77.8758	27.8465	25.1291	23.1086	21.5219	20.2294	88.3231	85.222	82.677	25.4447
6600	95.9155	90.7523	86.9771	84.0072	81.5623	79.4861	77.6826	27.6803	24.9746	22.9625	21.3815	20.0915	88.106	85.0108	82.4703	25.2879
6700	95.6952	90.5419	86.7734	83.8086	81.3674	79.2937	77.4913	27.5173	24.8228	22.8186	21.2423	19.9524	87.8925	84.8031	82.2668	25.1336
6800	95.4786	90.335	86.5731	83.6131	81.1755	79.104	77.3024	27.3574	24.6738	22.6772	21.1048	19.8134	87.6827	84.5989	82.0665	24.9819
6900	95.2656	90.1315	86.3762	83.4211	80.9873	78.9188	77.1192	27.2006	24.528	22.5398	20.9736	19.6859	87.4764	84.3983	81.8704	24.8345
7000	95.0561	89.9314	86.1826	83.2325	80.803	78.7384	76.9428	27.0469	24.3856	22.4068	20.8502	19.5735	87.2736	84.2014	81.6785	24.6917
7100	94.85	89.7345	85.9921	83.047	80.6219	78.5618	76.7711	26.8962	24.2461	22.2772	20.7314	19.4692	87.0741	84.0078	81.4902	24.5525
7200	94.6471	89.5406	85.8045	82.8644	80.4436	78.3877	76.6017	26.7483	24.109	22.1495	20.614	19.3655	86.8778	83.8172	81.3047	24.4154
7300	94.4475	89.3498	85.6199	82.6844	80.2675	78.2153	76.433	26.603	23.9741	22.0231	20.4958	19.257	86.6844	83.6294	81.1215	24.2796
7400	94.2508	89.1619	85.4379	82.507	80.0936	78.0443	76.2647	26.4602	23.8413	21.8977	20.3763	19.1427	86.4939	83.4441	80.9403	24.1449
7500	94.0572	88.9768	85.2587	82.332	79.9218	77.8748	76.0967	26.32	23.7106	21.7733	20.2555	19.0224	86.3063	83.2614	80.7612	24.0114
7600	93.8664	88.7944	85.082	82.1595	79.752	77.7066	75.9288	26.1821	23.5817	21.6497	20.133	18.8955	86.1214	83.0811	80.584	23.8788
7700	93.6784	88.6147	84.9079	81.9892	79.5841	77.5394	75.7607	26.0466	23.4546	21.5266	20.0081	18.7607	85.9391	82.9032	80.4086	23.7467
7800	93.4932	88.4375	84.7361	81.821	79.4178	77.373	75.5918	25.9131	23.329	21.4035	19.8799	18.616	85.7594	82.7275	80.2346	23.6148
7900	93.3106	88.2629	84.5669	81.6553	79.2538	77.2087	75.4248	25.7819	23.2055	21.2823	19.7532	18.4715	85.5823	82.5543	80.0631	23.4849
8000	93.1307	88.0909	84.4003	81.4927	79.0941	77.0506	75.2669	25.6533	23.0858	21.1684	19.6416	18.3565	85.4081	82.3848	79.8967	23.3624
8100	92.9533	87.9213	84.2364	81.3335	78.939	76.8995	75.1196	25.5274	22.9703	21.063	19.5477	18.2764	85.2369	82.219	79.736	23.2486
8200	92.7783	87.7542	84.075	81.177	78.7875	76.7534	74.9794	25.4037	22.858	20.9635	19.4656	18.2189	85.0684	82.0565	79.5795	23.1408
8300	92.6058	87.5893	83.9158	81.0228	78.6385	76.6102	74.8429	25.282	22.7478	20.8666	19.3877	18.1689	84.9023	81.8963	79.4258	23.0357
8400	92.4356	87.4266	83.7586	80.8703	78.4908	76.4677	74.7063	25.1618	22.6384	20.7691	19.3068	18.1119	84.7383	81.7379	79.2732	22.9302
8500	92.2676	87.266	83.6032	80.7193	78.3437	76.3248	74.5679	25.0429	22.5291	20.6693	19.2188	18.0402	84.5762	81.5808	79.1209	22.8223
8600	92.1019	87.1075	83.4497	80.5695	78.1972	76.1813	74.4274	24.925	22.4198	20.5669	19.1231	17.9527	84.4159	81.4249	78.9687	22.7118
8700	91.9384	86.951	83.2978	80.421	78.0512	76.0372	74.2849	24.8084	22.3104	20.4617	19.0196	17.8491	84.2573	81.2701	78.8166	22.5987
8800	91.7769	86.7964	83.1477	80.2738	77.9057	75.8924	74.1402	24.6928	22.201	20.3536	18.908	17.7292	84.1004	81.1164	78.6646	22.4828
8900	91.6176	86.6437	82.9993	80.1278	77.7605	75.7468	73.9932	24.5783	22.0913	20.2425	18.7877	17.5917	83.9452	80.9637	78.5125	22.3639
9000	91.4603	86.4929	82.8524	79.9828	77.6155	75.6	73.8432	24.4649	21.9813	20.1277	18.6573	17.4333	83.7916	80.8119	78.3599	22.2414
9100	91.3049	86.3439	82.707	79.8388	77.4704	75.4514	73.6894	24.3523	21.8706	20.0084	18.5146	17.2503	83.6395	80.6608	78.2066	22.1145
9200	91.1514	86.1967	82.5633	79.696	77.3258	75.3024	73.5338	24.241	21.7601	19.8868	18.3648	17.0516	83.489	80.5108	78.0534	21.9854
9300	91	86.0516	82.4219	79.5563	77.1856	75.1594	73.3864	24.1324	21.6548	19.7757	18.2346	16.8859	83.3412	80.3645	77.9058	21.8669
9400	90.8504	85.9086	82.2833	79.4209	77.0523	75.027	73.2538	24.0276	21.5579	19.6836	18.1425	16.7868	83.1967	80.2237	77.7671	21.7679
9500	90.7028	85.7676	82.1474	79.2894	76.9249	74.9034	73.1335	23.9261	21.4685	19.6079	18.0827	16.7438	83.0553	80.0876	77.6362	21.6856
9600	90.5569	85.6286	82.0139	79.1612	76.8023	74.7866	73.0221	23.8276	21.3849	19.5444	18.0463	16.7406	82.9166	79.9556	77.5113	21.6157
9700	90.4128	85.4912	81.8822	79.0352	76.6826	74.6736	72.9158	23.7312	21.3046	19.4871	18.0214	16.7567	82.78	79.8261	77.39	21.5523
9800	90.2704	85.3555	81.7519	78.9105	76.564	74.5615	72.8099	23.6359	21.2249	19.4297	17.9951	16.7694	82.6449	79.6979	77.2697	21.4887
9900	90.1295	85.2211	81.6228	78.7864	76.4453	74.4484	72.702	23.5411	21.1441	19.3679	17.9594	16.7655	82.5107	79.5701	77.1488	21.4208
10000	89.9902	85.088	81.4946	78.6627	76.3262	74.334	72.5918	23.4465	21.0614	19.3005	17.9122	16.7423	82.3775	79.4424	77.0269	21.3471
10100	89.8523	84.9562	81.3672	78.5393	76.2064	74.2178	72.4788	23.3519	20.9762	19.2263	17.8517	16.6979	82.2449	79.3145	76.9036	21.2667
10200	89.7158	84.8256	81.2406	78.4159	76.0858	74.0997	72.363	23.2569	20.8879	19.1442	17.7766	16.6306	82.1129	79.1863	76.7786	21.1783
10300	89.5808	84.696	81.1147	78.2924	75.9642	73.9796	72.2444	23.1615	20.7964	19.0539	17.6862	16.54	81.9814	79.0575	76.6519	21.0816
10400	89.4471	84.5676	80.9894	78.1688	75.8415	73.8573	72.1226	23.0657	20.7013	18.9547	17.5794	16.4242	81.8503	78.9281	76.5231	20.976
10500	89.3148	84.4403	80.8646	78.0449	75.7172	73.7323	71.997	22.9693	20.6023	18.8454	17.4533	16.2783	81.7195	78.7979	76.3918	20.8601
10600	89.1838	84.3139	80.7403	77.9205	75.5911	73.6038	71.8666	22.872	20.4987	18.7245	17.3051	16.0973	81.5889	78.6664	76.2575	20.7325
10700	89.054	84.1885	80.6162	77.7953	75.4627	73.4713	71.7307	22.7737	20.3899	18.5906	17.1319	15.8764	81.4584	78.5336	76.1196	20.5918
10800	88.9254	84.064	80.4925	77.6692	75.3318	73.3346	71.589	22.6744	20.2756	18.4425	16.9311	15.6109	81.3277	78.399	75.9777	20.4366
10900	88.7982	83.9406	80.3696	77.5436	75.2008	73.197	71.4457	22.5755	20.1603	18.2898	16.7198	15.327	81.198	78.2648	75.8353	20.277
11000	88.6725	83.8191	80.2494	77.4219	75.0755	73.067	71.3117	22.4815	20.0554	18.1572	16.542	15.0919	81.0716	78.1356	75.7004	20.1377
11100	88.5484	83.7	80.133	77.3064	74.9595	72.9496	71.1931	22.3951	19.9682	18.0605	16.4259	14.949	80.9498	78.0145	75.578	20.0347
11200	88.4258	83.5829	80.0199	77.1963	74.8516	72.8431	71.0875	22.3153	19.8968	17.9952	16.3637	14.8861	80.8324	77.9006	75.4665	19.9637
11300	88.3047	83.4677	79.9096	77.0906	74.75	72.745	70.9918	22.2412	19.8379	17.9546	16.3431	14.8842	80.7186	77.7924	75.3636	19.9176
11400	88.185	83.3542	79.8018	76.9884	74.6532	72.653	70.903	22.1713	19.7885	17.9318	16.3517	14.9241	80.6077	77.6886	75.267	19.8896
11500	88.0666	83.2422	79.6958	76.8886	74.5596	72.5646	70.8183	22.1046	19.745	17.9198	16.3769	14.9863	80.4989	77.5879	75.1743	19.8726
11600	87.9495	83.1315	79.591	76.79	74.4669	72.477	70.7341	22.0391	19.7033	17.9095	16.403	15.0474	80.3915	77.4884	75.0827	19.8574
11700	87.8334	83.0216	79.4869	76.6917	74.3742	72.3887	70.6485	21.9738	19.6604	17.8955	16.4211	15.0949	80.2848	77.3892	74.9906	19.8385
11800	87.7184	82.9127	79.3835	76.5936	74.2811	72.2994	70.5615	21.9081	19.6154	17.8764	16.43	15.128	80.1786	77.2898	74.8977	19.8145
11900	87.6044	82.8046	79.2805	76.4956	74.1875	72.2092	70.4732	21.8416	19.5675	17.8513	16.4286	15.1462	80.0728	77.1902	74.8038	19.7844
12000	87.4914	82.6972	79.1779	76.3974	74.0932	72.1179	70.3836	21.7737	19.5159	17.8189	16.416	15.1492	79.967	77.09	74.7086	19.7472
12100	87.3793	82.5904	79.0755	76.299	73.9982	72.0256	70.2928	21.704	19.4598	17.7784	16.3912	15.1369	79.8613	76.9892	74.6121	19.7017
12200	87.2681	82.4842	78.9731	76.2001	73.9023	71.932	70.2009	21.6322	19.3984	17.7286	16.3533	15.1088	79.7553	76.8873	74.514	19.6468
12300	87.1577	82.3784	78.8707	76.1004	73.8051	71.8369	70.1075	21.5575	19.3303	17.6674	16.2992	15.0614	79.6489	76.7842	74.4137	19.5804
12400	87.0481	82.2729	78.7679	75.9995	73.7059	71.7394	70.0116	21.4793	19.254	17.5916	16.2242	14.9885	79.5416	76.679	74.3103	19.4993
12500	86.9392	82.1677	78.6645	75.897	73.6042	71.6387	69.9125	21.3969	19.1679	17.4985	16.124	14.8841	79.4332	76.5713	74.2032	19.4007
12600	86.831	82.0625	78.5603	75.7927	73.4995	71.5343	69.8096	21.3099	19.071	17.3858	15.9947	14.743	79.3235	76.4608	74.0916	19.2823
12700	86.7234	81.9575	78.4552	75.6862	73.3914	71.4257	69.7021	21.218	18.9621	17.2513	15.8326	14.56	79.2122	76.3469	73.975	19.1419
12800	86.6165	81.8524	78.3491	75.5773	73.2796	71.3123	69.5896	21.1207	18.8402	17.0927	15.6341	14.3298	79.0992	76.2294	73.8528	18.9771
12900	86.5101	81.7472	78.2418	75.4658	73.1637	71.1939	69.4717	21.0177	18.7043	16.908	15.3956	14.0476	78.9842	76.1079	73.7246	18.786
13000	86.4043	81.642	78.1334	75.3519	73.0441	71.071	69.3491	20.9094	18.5552	16.6986	15.119	13.7156	78.8674	75.9828	73.591	18.5698
13100	86.2995	81.5377	78.0259	75.2388	72.9254	70.9489	69.2275	20.8016	18.4059	16.4875	14.8389	13.3778	78.7516	75.8585	73.4582	18.352
13200	86.196	81.4355	77.9218	75.1307	72.8133	70.8346	69.1138	20.7026	18.2747	16.3074	14.6036	13.0962	78.6401	75.7409	73.3343	18.1656
13300	86.0942	81.3362	77.8225	75.0301	72.7111	70.7318	69.0119	20.6173	18.1727	16.1782	14.4428	12.9088	78.535	75.6334	73.224	18.0307
13400	85.9939	81.2395	77.7276	74.9361	72.6175	70.6388	68.92	20.5447	18.097	16.0944	14.3483	12.8047	78.4359	75.5348	73.1256	17.9419
13500	85.895	81.1451	77.6365	74.8475	72.5309	70.5537	68.8361	20.4825	18.0431	16.0477	14.3071	12.767	78.3416	75.4436	73.0367	17.8906
13600	85.7975	81.0527	77.5484	74.7632	72.4497	70.4746	68.7582	20.4289	18.0062	16.0293	14.3061	12.7789	78.2513	75.3582	72.9552	17.868
13700	85.7011	80.9619	77.4626	74.6821	72.3724	70.3997	68.6842	20.3818	17.9815	16.0305	14.332	12.8229	78.1641	75.2769	72.8788	17.8654
13800	85.6058	80.8724	77.3786	74.603	72.2973	70.327	68.6124	20.339	17.9644	16.0425	14.3715	12.8817	78.0789	75.1982	72.8053	17.8738
13900	85.5113	80.7839	77.2955	74.5248	72.2228	70.2547	68.5407	20.2984	17.9497	16.0566	14.4111	12.938	77.9948	75.1205	72.7325	17.8842
14000	85.4177	80.6961	77.2131	74.447	72.1483	70.182	68.4682	20.2591	17.9355	16.0686	14.4448	12.9838	77.9114	75.043	72.6594	17.8926
14100	85.3249	80.6092	77.1314	74.3697	72.0739	70.1089	68.3952	20.221	17.9219	16.0795	14.4741	13.0214	77.8287	74.966	72.5861	17.8998
14200	85.2329	80.523	77.0504	74.2927	71.9996	70.0357	68.3218	20.1838	17.9086	16.089	14.4995	13.0521	77.7467	74.8893	72.5129	17.9058
14300	85.1416	80.4375	76.9698	74.2162	71.9255	69.9625	68.2483	20.147	17.895	16.0969	14.5213	13.0771	77.6653	74.813	72.4396	17.9101
14400	85.051	80.3526	76.8898	74.14	71.8517	69.8893	68.1748	20.1103	17.8807	16.1029	14.54	13.0976	77.5842	74.7368	72.3664	17.9125
14500	84.961	80.2682	76.8102	74.0641	71.778	69.8165	68.1016	20.0732	17.8651	16.1068	14.5558	13.1151	77.5036	74.6609	72.2933	17.9129
14600	84.8716	80.1842	76.7309	73.9885	71.7047	69.7439	68.0289	20.0353	17.8479	16.1085	14.5694	13.1308	77.4231	74.5852	72.2204	17.911
14700	84.7827	80.1006	76.6518	73.913	71.6316	69.6718	67.9567	19.9959	17.828	16.1067	14.5797	13.1444	77.3427	74.5094	72.1475	17.9057
14800	84.6943	80.0171	76.5726	73.8373	71.5582	69.5995	67.8846	19.9541	17.8035	16.0987	14.5834	13.1521	77.2619	74.433	72.074	17.8941
14900	84.6062	79.9337	76.493	73.7609	71.484	69.5266	67.8122	19.9085	17.7723	16.0814	14.5762	13.1495	77.1804	74.3554	71.9992	17.8729
15000	84.5184	79.8501	76.4127	73.6833	71.4086	69.4526	67.739	19.8581	17.7322	16.0514	14.5544	13.1323	77.0977	74.276	71.9225	17.8391
15100	84.4308	79.7661	76.3314	73.6042	71.3314	69.3769	67.6646	19.8018	17.6811	16.0056	14.5137	13.096	77.0134	74.1944	71.843	17.7892
15200	84.3433	79.6816	76.2488	73.5232	71.2519	69.2992	67.5885	19.7383	17.617	15.9408	14.4503	13.0363	76.9272	74.1098	71.7602	17.7201
15300	84.2558	79.5964	76.1646	73.4399	71.1698	69.2188	67.5104	19.6666	17.5375	15.8539	14.3601	12.9488	76.8385	74.0217	71.6734	17.6286
15400	84.1683	79.5103	76.0786	73.3538	71.0845	69.1354	67.4297	19.5854	17.4408	15.7417	14.239	12.8291	76.7471	73.9297	71.582	17.5115
15500	84.0806	79.4232	75.9905	73.2647	70.9957	69.0487	67.3464	19.4938	17.325	15.6016	14.084	12.6738	76.6526	73.8333	71.4856	17.3661
15600	83.9928	79.3351	75.9002	73.1724	70.9033	68.9585	67.2601	19.3913	17.1889	15.4318	13.8927	12.4804	76.5549	73.7323	71.3838	17.1907
15700	83.9048	79.2458	75.8077	73.0769	70.8071	68.8647	67.171	19.2773	17.0314	15.2305	13.663	12.2466	76.4538	73.6265	71.2765	16.9835
15800	83.8166	79.1553	75.7128	72.9781	70.7073	68.7674	67.0788	19.1513	16.8516	14.9963	13.3927	11.9702	76.3492	73.5158	71.1637	16.7428
15900	83.7284	79.0642	75.6164	72.8772	70.6051	68.6679	66.985	19.0167	16.6557	14.7381	13.093	11.6628	76.2425	73.4021	71.0475	16.478
16000	83.6409	78.9739	75.5211	72.7778	70.5046	68.5701	66.8927	18.884	16.4628	14.4842	12.7982	11.3605	76.137	73.29	70.9333	16.2174
16100	83.5549	78.8861	75.4296	72.6833	70.4096	68.4777	66.8049	18.7644	16.2934	14.2644	12.545	11.1016	76.0366	73.1847	70.8266	15.9914
16200	83.4708	78.8018	75.3436	72.5959	70.3226	68.3929	66.7236	18.6655	16.1616	14.0994	12.3585	10.9127	75.9436	73.0892	70.731	15.8208
16300	83.3885	78.7207	75.2626	72.515	70.2427	68.3149	66.6481	18.586	16.0647	13.985	12.2338	10.7882	75.8574	73.0026	70.6452	15.7015
16400	83.3078	78.6425	75.1859	72.4395	70.1686	68.2424	66.5773	18.523	15.9971	13.9131	12.1603	10.7172	75.777	72.9234	70.5676	15.6252
16500	83.2286	78.5667	75.1126	72.3684	70.0992	68.1743	66.5102	18.4735	15.9534	13.8753	12.1279	10.6888	75.7013	72.8502	70.4965	15.5834
16600	83.1506	78.4928	75.0421	72.3007	70.0334	68.1097	66.446	18.4345	15.928	13.8633	12.1263	10.692	75.6293	72.7817	70.4304	15.5679
16700	83.0737	78.4204	74.9737	72.2354	69.9702	68.0474	66.3839	18.4031	15.9153	13.869	12.1451	10.7158	75.5601	72.7165	70.3677	15.5702
16800	82.9976	78.3492	74.9067	72.1717	69.9085	67.9865	66.3228	18.3765	15.9099	13.8839	12.1741	10.7493	75.4926	72.6532	70.307	15.5819
16900	82.9221	78.2787	74.8403	72.1085	69.8472	67.9258	66.2621	18.3515	15.9063	13.8999	12.203	10.7816	75.4258	72.5905	70.2467	15.5947
17000	82.8472	78.2084	74.774	72.045	69.7853	67.8645	66.2007	18.3257	15.8994	13.9095	12.2225	10.8029	75.3589	72.5272	70.1855	15.6011
17100	82.7728	78.1385	74.7076	71.9811	69.7228	67.8026	66.1388	18.299	15.8891	13.9122	12.2318	10.812	75.2918	72.4633	70.1231	15.6005
17200	82.6989	78.0691	74.6414	71.9171	69.6599	67.7401	66.0764	18.2723	15.8771	13.9105	12.2341	10.8123	75.2249	72.399	70.0601	15.5956
17300	82.6257	78.0002	74.5757	71.8533	69.5971	67.6775	66.0139	18.2468	15.8654	13.9072	12.2325	10.8069	75.1585	72.3349	69.997	15.5891
17400	82.5531	77.9321	74.5107	71.7901	69.5345	67.6151	65.9514	18.2237	15.856	13.9051	12.2302	10.7992	75.0928	72.2714	69.9342	15.5838
17500	82.4814	77.8649	74.4466	71.7277	69.4726	67.5531	65.8893	18.2038	15.8504	13.9064	12.23	10.792	75.0283	72.2089	69.8721	15.582
17600	82.4103	77.7985	74.3835	71.6661	69.4115	67.4917	65.8277	18.187	15.8489	13.9117	12.2332	10.787	74.9649	72.1474	69.8109	15.5843
17700	82.34	77.733	74.3212	71.6055	69.3512	67.4311	65.7666	18.1733	15.8514	13.9217	12.2407	10.7856	74.9026	72.0871	69.7507	15.5915
17800	82.2703	77.6682	74.2599	71.5459	69.2918	67.3713	65.7063	18.1623	15.8582	13.9369	12.2538	10.7893	74.8415	72.028	69.6917	15.6038
17900	82.2012	77.6042	74.1995	71.4873	69.2335	67.3124	65.6468	18.1538	15.8689	13.9574	12.2729	10.799	74.7815	71.9702	69.634	15.6216
18000	82.1327	77.5409	74.1398	71.4296	69.1761	67.2544	65.5881	18.1469	15.8821	13.9814	12.2963	10.8133	74.7223	71.9134	69.5774	15.6431
18100	82.0646	77.4779	74.0806	71.3723	69.1192	67.197	65.53	18.1402	15.896	14.0068	12.3218	10.8301	74.6637	71.8572	69.5215	15.6659
18200	81.9968	77.4152	74.0217	71.3154	69.0627	67.14	65.4723	18.1327	15.9088	14.0314	12.347	10.8473	74.6052	71.8012	69.4659	15.6879
18300	81.9293	77.3526	73.9627	71.2585	69.0063	67.0833	65.4149	18.1231	15.9188	14.0529	12.3697	10.8629	74.5465	71.7451	69.4102	15.7069
18400	81.8619	77.2899	73.9035	71.2013	68.9498	67.0265	65.3577	18.1104	15.9241	14.0692	12.3876	10.8748	74.4874	71.6885	69.3543	15.7205
18500	81.7946	77.227	73.8439	71.1436	68.8928	66.9695	65.3004	18.0932	15.923	14.078	12.3984	10.881	74.4275	71.631	69.2976	15.7267
18600	81.7272	77.1636	73.7835	71.0851	68.8352	66.9121	65.243	18.0705	15.9136	14.0772	12.3998	10.8794	74.3665	71.5723	69.2398	15.7231
18700	81.6596	77.0997	73.7222	71.0256	68.7767	66.8541	65.1853	18.041	15.8942	14.0645	12.3896	10.868	74.304	71.5119	69.1806	15.7076
18800	81.5918	77.0349	73.6596	70.9647	68.717	66.7953	65.1271	18.0036	15.863	14.0378	12.3655	10.8448	74.2397	71.4496	69.1196	15.6779
18900	81.5237	76.9693	73.5957	70.9023	68.6559	66.7355	65.0684	17.9573	15.8186	13.9954	12.3258	10.8083	74.1734	71.3849	69.0566	15.6322
19000	81.4551	76.9026	73.5303	70.8381	68.5934	66.6746	65.0091	17.9011	15.7595	13.9357	12.269	10.7574	74.1048	71.3178	68.9913	15.5691
19100	81.3861	76.8347	73.4631	70.7721	68.5292	66.6126	64.9491	17.8342	15.6845	13.8573	12.1938	10.6909	74.0337	71.2479	68.9236	15.487
19200	81.3165	76.7656	73.3941	70.7041	68.4632	66.5493	64.8884	17.7555	15.5923	13.7585	12.0988	10.6076	73.9599	71.175	68.8533	15.3844
19300	81.2463	76.695	73.3231	70.634	68.3954	66.4846	64.8268	17.6642	15.4815	13.638	11.9823	10.5063	73.8831	71.099	68.7802	15.2597
19400	81.1753	76.623	73.25	70.5615	68.3256	66.4185	64.7645	17.5594	15.3508	13.4941	11.8431	10.386	73.8033	71.0197	68.7041	15.1114
19500	81.1036	76.5493	73.1747	70.4867	68.2538	66.351	64.7012	17.4401	15.1989	13.3254	11.6796	10.2454	73.7202	70.9369	68.6251	14.9379
19600	81.0311	76.4739	73.097	70.4095	68.1799	66.282	64.6371	17.3054	15.0244	13.1303	11.4904	10.0833	73.6337	70.8504	68.5428	14.7378
19700	80.9576	76.3967	73.017	70.3298	68.1039	66.2115	64.5721	17.1545	14.8263	12.9077	11.2744	9.89887	73.5438	70.7603	68.4574	14.5097
19800	80.8836	76.3184	72.9355	70.2487	68.0267	66.1402	64.5066	16.992	14.6115	12.6655	11.0396	9.69875	73.4516	70.668	68.3702	14.2618
19900	80.81	76.2405	72.8545	70.1682	67.9503	66.0695	64.4417	16.8289	14.3957	12.4227	10.8042	9.49846	73.36	70.5764	68.2837	14.0132
20000	80.7374	76.1645	72.776	70.0904	67.8762	66.0007	64.3781	16.6762	14.1955	12.1983	10.5874	9.31396	73.2716	70.4885	68.2005	13.7834
20100	80.6669	76.0916	72.7016	70.0171	67.8063	65.9351	64.3167	16.5448	14.0269	12.0114	10.4074	9.16074	73.189	70.4067	68.123	13.5914
20200	80.5986	76.0224	72.6321	69.9488	67.7407	65.873	64.2578	16.4386	13.8954	11.8684	10.2708	9.04422	73.113	70.3319	68.0517	13.4438
20300	80.5323	75.9565	72.5666	69.8848	67.6791	65.8139	64.201	16.3549	13.7969	11.7643	10.1726	8.9601	73.0427	70.2632	67.9858	13.3357
20400	80.4678	75.8933	72.5047	69.8246	67.6207	65.7574	64.1461	16.2904	13.7266	11.6936	10.1072	8.90369	72.9773	70.1997	67.9246	13.2614
20500	80.4048	75.8326	72.4458	69.7674	67.565	65.7029	64.0927	16.242	13.6801	11.6507	10.0691	8.8703	72.916	70.1404	67.8671	13.2152
20600	80.3432	75.7738	72.3893	69.7127	67.5115	65.6503	64.0405	16.2068	13.6526	11.6301	10.0528	8.85524	72.858	70.0845	67.8128	13.1915
20700	80.2826	75.7166	72.3348	69.6599	67.4598	65.599	63.9894	16.1816	13.6395	11.6262	10.0528	8.85383	72.8026	70.0314	67.7608	13.1848
20800	80.2228	75.6605	72.2816	69.6085	67.4093	65.5486	63.939	16.1634	13.6361	11.6335	10.0635	8.86139	72.749	69.9801	67.7105	13.1895
20900	80.1637	75.6052	72.2292	69.558	67.3594	65.4989	63.8891	16.149	13.638	11.6465	10.0796	8.87326	72.6965	69.9299	67.6611	13.1999
21000	80.1049	75.5503	72.1772	69.5077	67.3099	65.4494	63.8394	16.1353	13.6404	11.6597	10.0956	8.88483	72.6444	69.88	67.612	13.2106
21100	80.0463	75.4953	72.1249	69.4572	67.2601	65.3997	63.7896	16.1195	13.6388	11.6676	10.1059	8.89145	72.5919	69.8296	67.5624	13.2159
21200	79.9877	75.4401	72.0722	69.406	67.2097	65.3497	63.7397	16.0991	13.6299	11.6663	10.1068	8.88978	72.5385	69.7781	67.5118	13.2119
21300	79.9292	75.3846	72.0189	69.3542	67.1588	65.2992	63.6896	16.0749	13.6144	11.6565	10.0988	8.88039	72.4843	69.7257	67.4604	13.1993
21400	79.8708	75.329	71.9653	69.302	67.1075	65.2485	63.6393	16.0477	13.5938	11.64	10.0836	8.86457	72.4296	69.6726	67.4083	13.1799
21500	79.8125	75.2734	71.9116	69.2495	67.0559	65.1976	63.589	16.0188	13.5695	11.6183	10.0627	8.84362	72.3746	69.619	67.3557	13.1552
21600	79.7546	75.218	71.8578	69.1969	67.0042	65.1467	63.5388	15.989	13.543	11.5931	10.0378	8.81885	72.3194	69.5652	67.3028	13.1271
21700	79.697	75.1629	71.8043	69.1445	66.9526	65.0958	63.4886	15.9594	13.5157	11.5661	10.0104	8.79155	72.2645	69.5114	67.2499	13.0971
21800	79.6399	75.1082	71.7511	69.0922	66.9011	65.0451	63.4386	15.9312	13.4892	11.5389	9.98215	8.76302	72.2099	69.4578	67.1972	13.067
21900	79.5833	75.0541	71.6984	69.0404	66.85	64.9947	63.3889	15.9052	13.4649	11.5132	9.95454	8.73456	72.1559	69.4047	67.1448	13.0385
22000	79.5274	75.0006	71.6463	68.9891	66.7993	64.9446	63.3394	15.8826	13.4441	11.4907	9.92918	8.70746	72.1027	69.3523	67.0929	13.0131
22100	79.4721	74.948	71.5952	68.9386	66.7492	64.8949	63.2903	15.8643	13.4285	11.473	9.90765	8.68303	72.0506	69.3009	67.0418	12.9926
22200	79.4175	74.8963	71.5449	68.889	66.6999	64.8459	63.2417	15.8515	13.4194	11.4618	9.89154	8.66255	71.9998	69.2506	66.9916	12.9787
22300	79.3638	74.8457	71.4958	68.8404	66.6513	64.7974	63.1935	15.8448	13.4179	11.4581	9.88196	8.64697	71.9505	69.2016	66.9425	12.9725
22400	79.3109	74.796	71.4477	68.7927	66.6036	64.7496	63.1458	15.8439	13.4235	11.4617	9.87853	8.63599	71.9025	69.1539	66.8945	12.9736
22500	79.2586	74.7472	71.4006	68.7459	66.5565	64.7023	63.0985	15.8479	13.4352	11.4713	9.88035	8.62897	71.8557	69.1073	66.8473	12.9809
22600	79.207	74.6992	71.3543	68.6998	66.5101	64.6555	63.0516	15.856	13.4518	11.4861	9.88655	8.62527	71.81	69.0617	66.8009	12.9934
22700	79.1559	74.6518	71.3086	68.6544	66.4642	64.6092	63.005	15.8673	13.4725	11.5048	9.89625	8.62423	71.7651	69.0169	66.7552	13.0099
22800	79.1053	74.605	71.2636	68.6094	66.4187	64.5632	62.9588	15.881	13.496	11.5266	9.90854	8.62522	71.721	68.9727	66.71	13.0295
22900	79.0551	74.5586	71.2189	68.565	66.3736	64.5175	62.9128	15.8962	13.5214	11.5502	9.92256	8.62759	71.6773	68.929	66.6653	13.051
23000	79.0052	74.5126	71.1746	68.5208	66.3289	64.4721	62.8672	15.912	13.5475	11.5747	9.93742	8.6307	71.6341	68.8857	66.6209	13.0734
23100	78.9555	74.4667	71.1305	68.4768	66.2843	64.427	62.8217	15.9276	13.5734	11.599	9.95222	8.6339	71.591	68.8426	66.5768	13.0957
23200	78.906	74.4209	71.0865	68.433	66.2399	64.382	62.7764	15.9421	13.598	11.622	9.96607	8.63652	71.548	68.7996	66.5327	13.1166
23300	78.8565	74.3751	71.0424	68.3891	66.1955	64.3371	62.7313	15.9547	13.62	11.6426	9.97803	8.6379	71.5048	68.7564	66.4886	13.1352
23400	78.807	74.3292	70.9982	68.3451	66.1511	64.2922	62.6862	15.9642	13.6385	11.6598	9.98722	8.63736	71.4613	68.713	66.4444	13.1503
23500	78.7575	74.283	70.9536	68.3008	66.1065	64.2474	62.6414	15.9702	13.6526	11.6727	9.99297	8.63447	71.4172	68.6691	66.3999	13.1611
23600	78.7077	74.2365	70.9087	68.2563	66.0619	64.2026	62.5965	15.9718	13.6615	11.6807	9.99481	8.62892	71.3726	68.6248	66.3551	13.1669
23700	78.6577	74.1895	70.8633	68.2114	66.017	64.1577	62.5518	15.9685	13.6646	11.6831	9.99228	8.62041	71.3273	68.5799	66.31	13.1671
23800	78.6075	74.1421	70.8174	68.1662	65.972	64.1128	62.5072	15.9596	13.6611	11.6794	9.98489	8.60866	71.281	68.5343	66.2645	13.1611
23900	78.5569	74.094	70.7709	68.1204	65.9266	64.0678	62.4626	15.9445	13.6503	11.6688	9.97218	8.59335	71.2339	68.4879	66.2185	13.1481
24000	78.5059	74.0453	70.7236	68.074	65.8809	64.0227	62.418	15.9225	13.6314	11.6508	9.95369	8.57421	71.1856	68.4407	66.172	13.1277
24100	78.4544	73.9959	70.6756	68.0271	65.8349	63.9775	62.3735	15.893	13.6038	11.6246	9.92893	8.55093	71.1361	68.3924	66.1248	13.099
24200	78.4023	73.9456	70.6266	67.9794	65.7885	63.9322	62.329	15.8553	13.5668	11.5897	9.89745	8.52322	71.0853	68.3432	66.077	13.0615
24300	78.3497	73.8944	70.5768	67.9311	65.7416	63.8866	62.2845	15.8088	13.5197	11.5455	9.85878	8.49079	71.0331	68.2928	66.0285	13.0146
24400	78.2964	73.8422	70.5258	67.8819	65.6943	63.8409	62.24	15.7529	13.4616	11.4913	9.81247	8.45337	70.9794	68.2411	65.9792	12.9575
24500	78.2424	73.7889	70.4738	67.8318	65.6465	63.795	62.1955	15.687	13.392	11.4264	9.75806	8.41068	70.924	68.1882	65.9291	12.8897
24600	78.1876	73.7344	70.4206	67.7809	65.5981	63.7488	62.1509	15.6103	13.3101	11.3503	9.6951	8.36245	70.8668	68.1338	65.8781	12.8105
24700	78.132	73.6788	70.3662	67.729	65.5491	63.7023	62.1063	15.5222	13.2151	11.2623	9.62309	8.30834	70.8079	68.078	65.8262	12.7192
24800	78.0754	73.6219	70.3105	67.6761	65.4995	63.6556	62.0617	15.422	13.1063	11.1616	9.54144	8.24799	70.747	68.0207	65.7733	12.6151
24900	78.0179	73.5636	70.2534	67.6221	65.4493	63.6086	62.017	15.309	12.9828	11.0475	9.44958	8.181	70.6841	67.9618	65.7193	12.4975
25000	77.9595	73.504	70.1949	67.567	65.3983	63.5612	61.9722	15.1826	12.8439	10.9192	9.34694	8.107	70.6192	67.9012	65.6643	12.3655
25100	77.8999	73.4428	70.135	67.5108	65.3467	63.5135	61.9273	15.0418	12.6886	10.776	9.23292	8.02561	70.5521	67.8389	65.6082	12.2183
25200	77.8393	73.3803	70.0736	67.4535	65.2944	63.4655	61.8823	14.8865	12.5167	10.6175	9.10726	7.93663	70.4828	67.775	65.551	12.0557
25300	77.778	73.3168	70.0114	67.3956	65.2417	63.4173	61.8373	14.7211	12.3331	10.4484	8.97359	7.84247	70.4123	67.71	65.4931	11.8825
25400	77.7168	73.2535	69.9494	67.3379	65.1892	63.3693	61.7925	14.5534	12.1471	10.2772	8.83839	7.74739	70.342	67.6453	65.4355	11.707
25500	77.6564	73.1912	69.8885	67.2812	65.1374	63.3218	61.748	14.3914	11.9679	10.1124	8.70817	7.65569	70.2731	67.5818	65.3787	11.538
25600	77.5974	73.1308	69.8297	67.2262	65.0868	63.2751	61.704	14.243	11.8045	9.96233	8.58946	7.57167	70.207	67.5207	65.3237	11.384
25700	77.5406	73.0733	69.7737	67.1735	65.0379	63.2294	61.6606	14.1159	11.6657	9.83518	8.48847	7.4994	70.1448	67.4629	65.271	11.2531
25800	77.486	73.0187	69.7206	67.1233	64.9908	63.1848	61.618	14.012	11.5539	9.73303	8.4068	7.43995	70.0868	67.4085	65.2207	11.1476
25900	77.4335	72.9667	69.6702	67.0752	64.9452	63.1412	61.5759	13.9289	11.4664	9.65339	8.34254	7.39204	70.0325	67.3572	65.1726	11.0649
26000	77.3827	72.9171	69.6222	67.0291	64.9009	63.0985	61.5343	13.8643	11.4003	9.59368	8.2937	7.35436	69.9815	67.3086	65.1265	11.0024
26100	77.3335	72.8694	69.5761	66.9847	64.8579	63.0566	61.4933	13.8157	11.3528	9.55133	8.25831	7.32559	69.9333	67.2623	65.082	10.9574
26200	77.2857	72.8235	69.5318	66.9417	64.8159	63.0154	61.4528	13.7808	11.3213	9.52385	8.23443	7.30447	69.8875	67.2181	65.039	10.9275
26300	77.2391	72.7791	69.489	66.8999	64.7748	62.9748	61.4126	13.7573	11.3032	9.50874	8.22014	7.28972	69.8437	67.1756	64.9973	10.9102
26400	77.1934	72.7359	69.4473	66.8591	64.7345	62.9348	61.3728	13.743	11.2956	9.50352	8.21351	7.28006	69.8016	67.1344	64.9565	10.9029
26500	77.1484	72.6936	69.4066	66.8191	64.6947	62.8951	61.3333	13.7355	11.296	9.50571	8.21263	7.27422	69.7607	67.0944	64.9166	10.903
26600	77.1041	72.652	69.3666	66.7797	64.6555	62.8558	61.294	13.7325	11.3017	9.51282	8.21556	7.27092	69.7208	67.0551	64.8773	10.9082
26700	77.0601	72.6108	69.327	66.7407	64.6165	62.8168	61.255	13.7318	11.31	9.52237	8.22039	7.26888	69.6814	67.0163	64.8383	10.9159
26800	77.0162	72.5698	69.2876	66.7018	64.5777	62.7779	61.2161	13.7311	11.3183	9.53186	8.22518	7.26684	69.6421	66.9776	64.7995	10.9235
26900	76.9724	72.5287	69.2481	66.6629	64.5389	62.7391	61.1774	13.7281	11.3238	9.53883	8.22803	7.26353	69.6027	66.9388	64.7607	10.9285
27000	76.9283	72.4873	69.2082	66.6237	64.4999	62.7002	61.1387	13.7204	11.324	9.5408	8.22703	7.25768	69.5627	66.8996	64.7216	10.9285
27100	76.8839	72.4453	69.1678	66.5842	64.4608	62.6613	61.1	13.7069	11.3172	9.53637	8.22108	7.24859	69.5218	66.8597	64.6821	10.922
27200	76.8393	72.4029	69.1269	66.5443	64.4215	62.6224	61.0614	13.6881	11.3042	9.52604	8.21057	7.23649	69.4803	66.8193	64.6422	10.9096
27300	76.7944	72.3601	69.0857	66.5041	64.382	62.5834	61.0229	13.6645	11.2857	9.51051	8.19604	7.22175	69.4381	66.7783	64.6021	10.8918
27400	76.7493	72.3171	69.0441	66.4637	64.3424	62.5445	60.9844	13.637	11.2623	9.4905	8.17802	7.20472	69.3954	66.737	64.5618	10.8696
27500	76.7042	72.2738	69.0024	66.4231	64.3027	62.5055	60.946	13.6063	11.2351	9.4667	8.15703	7.18572	69.3524	66.6954	64.5212	10.8435
27600	76.659	72.2304	68.9604	66.3824	64.2631	62.4666	60.9077	13.573	11.2046	9.43981	8.1336	7.16512	69.309	66.6535	64.4806	10.8143
27700	76.6139	72.187	68.9185	66.3417	64.2234	62.4278	60.8695	13.5378	11.1717	9.41053	8.10826	7.14325	69.2655	66.6116	64.4399	10.7826
27800	76.5689	72.1436	68.8765	66.301	64.1838	62.389	60.8315	13.5015	11.1372	9.37956	8.08154	7.12046	69.2219	66.5695	64.3992	10.7493
27900	76.524	72.1002	68.8345	66.2604	64.1442	62.3504	60.7935	13.4647	11.1018	9.3476	8.05397	7.09708	69.1784	66.5275	64.3585	10.7149
28000	76.4794	72.0571	68.7928	66.2199	64.1048	62.3119	60.7557	13.4281	11.0664	9.31535	8.02606	7.07346	69.135	66.4857	64.318	10.6802
28100	76.435	72.0143	68.7512	66.1795	64.0656	62.2735	60.718	13.3925	11.0316	9.28351	7.99836	7.04994	69.0918	66.444	64.2777	10.646
28200	76.391	71.9717	68.71	66.1395	64.0265	62.2353	60.6805	13.3585	10.9984	9.25278	7.97138	7.02687	69.0491	66.4026	64.2375	10.6129
28300	76.3473	71.9296	68.6691	66.0997	63.9877	62.1973	60.6432	13.3269	10.9674	9.22386	7.94565	7.00457	69.0067	66.3616	64.1977	10.5816
28400	76.3041	71.888	68.6286	66.0602	63.9492	62.1596	60.6061	13.2982	10.9394	9.19743	7.92169	6.98339	68.965	66.321	64.1582	10.5528
28500	76.2615	71.8469	68.5887	66.0212	63.9109	62.122	60.5691	13.2731	10.915	9.17395	7.89982	6.96353	68.9238	66.2809	64.1191	10.527
28600	76.2193	71.8063	68.5492	65.9825	63.873	62.0847	60.5323	13.2515	10.8941	9.15336	7.88	6.94496	68.8833	66.2413	64.0803	10.5042
28700	76.1776	71.7663	68.5101	65.9442	63.8353	62.0476	60.4957	13.2334	10.8766	9.13557	7.86214	6.9276	68.8434	66.2022	64.0419	10.4842
28800	76.1364	71.7268	68.4716	65.9063	63.7979	62.0107	60.4593	13.2187	10.8625	9.12049	7.84614	6.91138	68.8041	66.1636	64.0038	10.4669
28900	76.0958	71.6878	68.4334	65.8687	63.7608	61.974	60.423	13.2074	10.8516	9.10801	7.83193	6.89624	68.7654	66.1254	63.966	10.4523
29000	76.0556	71.6493	68.3958	65.8315	63.7239	61.9375	60.3869	13.1994	10.844	9.09803	7.8194	6.88212	68.7272	66.0876	63.9286	10.4402
29100	76.0159	71.6113	68.3585	65.7946	63.6873	61.9012	60.351	13.1947	10.8394	9.09047	7.80847	6.86895	68.6896	66.0503	63.8914	10.4306
29200	75.9767	71.5738	68.3217	65.758	63.6509	61.8651	60.3152	13.1933	10.8379	9.08521	7.79906	6.85666	68.6526	66.0133	63.8546	10.4233
29300	75.938	71.5369	68.2853	65.7217	63.6148	61.8292	60.2796	13.195	10.8394	9.08216	7.79107	6.8452	68.6161	65.9768	63.818	10.4183
29400	75.8997	71.5003	68.2493	65.6857	63.5788	61.7934	60.2442	13.2	10.8437	9.08123	7.78442	6.83449	68.5801	65.9406	63.7817	10.4154
29500	75.862	71.4643	68.2137	65.6501	63.5431	61.7579	60.2088	13.2079	10.8507	9.08227	7.77898	6.82446	68.5446	65.9048	63.7457	10.4145
29600	75.8247	71.4287	68.1784	65.6147	63.5076	61.7225	60.1737	13.2185	10.86	9.08494	7.77455	6.81497	68.5096	65.8694	63.7099	10.4154
29700	75.7878	71.3935	68.1435	65.5795	63.4723	61.6872	60.1386	13.2313	10.8711	9.0889	7.77087	6.80589	68.475	65.8342	63.6743	10.4175
29800	75.7512	71.3586	68.1088	65.5446	63.4372	61.6521	60.1037	13.2457	10.8836	9.09378	7.76771	6.79708	68.4407	65.7993	63.6389	10.4205
29900	75.7149	71.324	68.0743	65.5098	63.4022	61.6171	60.069	13.2613	10.8971	9.09921	7.76482	6.78839	68.4067	65.7646	63.6037	10.4242
30000	75.6789	71.2896	68.0401	65.4752	63.3673	61.5823	60.0343	13.2777	10.9111	9.10494	7.76204	6.77973	68.3729	65.7301	63.5686	10.4281
30100	75.6431	71.2554	68.006	65.4407	63.3326	61.5475	59.9998	13.2947	10.9255	9.1108	7.75928	6.77107	68.3393	65.6957	63.5337	10.4322
30200	75.6074	71.2214	67.9721	65.4064	63.298	61.5129	59.9654	13.3118	10.9399	9.11663	7.75645	6.76236	68.3058	65.6615	63.4988	10.4363
30300	75.5719	71.1875	67.9383	65.3721	63.2635	61.4785	59.9311	13.3289	10.9542	9.12227	7.75347	6.75356	68.2724	65.6273	63.4641	10.4403
30400	75.5365	71.1537	67.9046	65.338	63.2291	61.4441	59.8969	13.3457	10.9681	9.12757	7.75026	6.74464	68.2392	65.5933	63.4295	10.4438
30500	75.5012	71.12	67.8709	65.304	63.1948	61.4098	59.8629	13.3618	10.9814	9.13237	7.74673	6.73556	68.206	65.5593	63.395	10.4469
30600	75.466	71.0863	67.8373	65.27	63.1606	61.3757	59.829	13.3771	10.9938	9.13652	7.7428	6.72628	68.1728	65.5254	63.3605	10.4494
30700	75.4307	71.0526	67.8038	65.2361	63.1265	61.3416	59.7951	13.3911	11.005	9.13986	7.73838	6.71677	68.1395	65.4915	63.3261	10.451
30800	75.3954	71.0189	67.7702	65.2023	63.0925	61.3077	59.7614	13.4036	11.015	9.14223	7.73339	6.70698	68.1063	65.4576	63.2918	10.4517
30900	75.3601	70.9851	67.7366	65.1684	63.0585	61.2738	59.7278	13.4144	11.0233	9.14347	7.72776	6.69688	68.0729	65.4236	63.2576	10.4512
31000	75.3246	70.9512	67.7029	65.1346	63.0247	61.2401	59.6944	13.4231	11.0298	9.14344	7.72138	6.68643	68.0393	65.3897	63.2233	10.4495
31100	75.289	70.9171	67.6692	65.1008	62.9908	61.2064	59.661	13.4294	11.0343	9.14197	7.71418	6.67559	68.0057	65.3557	63.1891	10.4463
31200	75.2532	70.8829	67.6353	65.0669	62.9571	61.1728	59.6277	13.4331	11.0364	9.1389	7.70608	6.66433	67.9718	65.3216	63.1549	10.4415
31300	75.2173	70.8484	67.6013	65.033	62.9233	61.1394	59.5945	13.4339	11.036	9.13409	7.69699	6.6526	67.9377	65.2874	63.1208	10.4349
31400	75.1811	70.8137	67.5672	64.9991	62.8896	61.1059	59.5615	13.4316	11.0328	9.12737	7.68684	6.64037	67.9032	65.2531	63.0866	10.4264
31500	75.1446	70.7787	67.5328	64.9651	62.8559	61.0726	59.5285	13.4257	11.0266	9.11859	7.67553	6.6276	67.8685	65.2187	63.0524	10.4159
31600	75.1078	70.7434	67.4983	64.931	62.8223	61.0394	59.4956	13.416	11.0171	9.10755	7.66295	6.61425	67.8335	65.184	63.0182	10.403
31700	75.0707	70.7078	67.4635	64.8969	62.7886	61.0062	59.4629	13.4021	11.004	9.09403	7.64898	6.60025	67.798	65.1492	62.984	10.3876
31800	75.0332	70.6717	67.4284	64.8626	62.755	60.9731	59.4302	13.3837	10.987	9.07782	7.6335	6.58553	67.7621	65.1142	62.9497	10.3696
31900	74.9952	70.6352	67.3931	64.8282	62.7213	60.94	59.3976	13.3605	10.9657	9.05871	7.61637	6.57003	67.7257	65.079	62.9153	10.3485
32000	74.9568	70.5982	67.3574	64.7936	62.6876	60.907	59.3651	13.332	10.94	9.03648	7.59747	6.55368	67.6888	65.0434	62.8808	10.3244
32100	74.9179	70.5607	67.3213	64.7588	62.6539	60.874	59.3327	13.298	10.9094	9.0109	7.57666	6.53643	67.6514	65.0076	62.8463	10.2968
32200	74.8784	70.5227	67.2849	64.7239	62.6201	60.8411	59.3004	13.2582	10.8736	8.98176	7.55382	6.51821	67.6133	64.9714	62.8117	10.2657
32300	74.8383	70.4841	67.2481	64.6888	62.5863	60.8082	59.2682	13.212	10.8324	8.94883	7.52881	6.49894	67.5746	64.935	62.7769	10.2307
32400	74.7977	70.4448	67.2108	64.6534	62.5525	60.7754	59.236	13.1592	10.7854	8.91191	7.50152	6.47857	67.5353	64.8981	62.742	10.1916
32500	74.7564	70.4049	67.173	64.6179	62.5185	60.7426	59.2039	13.0994	10.7323	8.87076	7.4718	6.45704	67.4952	64.8609	62.707	10.1483
32600	74.7144	70.3644	67.1348	64.582	62.4846	60.7098	59.1719	13.0323	10.6729	8.82517	7.43953	6.43427	67.4545	64.8233	62.6718	10.1005
32700	74.6717	70.3231	67.0961	64.546	62.4505	60.677	59.14	12.9575	10.6067	8.77492	7.40458	6.4102	67.4129	64.7852	62.6364	10.048
32800	74.6283	70.2811	67.0568	64.5096	62.4163	60.6443	59.1081	12.8747	10.5335	8.71979	7.36683	6.38478	67.3706	64.7468	62.6009	9.9906
32900	74.5841	70.2383	67.0171	64.473	62.3821	60.6116	59.0763	12.7834	10.453	8.65955	7.32613	6.35793	67.3275	64.7078	62.5652	9.928
33000	74.5391	70.1947	66.9767	64.436	62.3477	60.5789	59.0446	12.6834	10.3648	8.594	7.28237	6.32959	67.2835	64.6684	62.5293	9.86002
33100	74.4933	70.1504	66.9359	64.3988	62.3133	60.5462	59.0129	12.5743	10.2687	8.5229	7.2354	6.29968	67.2387	64.6285	62.4932	9.78644
33200	74.4466	70.1052	66.8944	64.3613	62.2787	60.5135	58.9813	12.4558	10.1643	8.44605	7.18511	6.26815	67.1929	64.5881	62.4569	9.70704
33300	74.3991	70.0593	66.8524	64.3235	62.2441	60.4808	58.9498	12.3277	10.0516	8.36339	7.13145	6.23496	67.1464	64.5473	62.4204	9.62177
33400	74.3511	70.0129	66.8101	64.2855	62.2094	60.4481	58.9183	12.1925	9.93274	8.27643	7.07531	6.20057	67.0993	64.5061	62.3838	9.53215
33500	74.3029	69.9664	66.7677	64.2475	62.1747	60.4156	58.887	12.0542	9.81117	8.1876	7.0181	6.16567	67.0521	64.4649	62.3472	9.44065
33600	74.2551	69.9202	66.7256	64.2098	62.1402	60.3831	58.8557	11.9168	9.69039	8.09933	6.96124	6.13098	67.0052	64.424	62.3108	9.34974
33700	74.2079	69.8748	66.6842	64.1724	62.106	60.3509	58.8246	11.7843	9.57389	8.01408	6.90616	6.0972	66.9592	64.3836	62.2747	9.26187
33800	74.1619	69.8305	66.6436	64.1356	62.072	60.3188	58.7936	11.6607	9.46515	7.93427	6.85426	6.06503	66.9143	64.3439	62.239	9.17953
33900	74.1174	69.7877	66.6041	64.0996	62.0386	60.2869	58.7628	11.55	9.36768	7.86234	6.80698	6.03519	66.8711	64.3053	62.2039	9.10517
34000	74.0747	69.7466	66.566	64.0644	62.0056	60.2554	58.7321	11.455	9.28405	7.80012	6.76537	6.00821	66.8297	64.2679	62.1695	9.04064
34100	74.0337	69.7072	66.5291	64.03	61.973	60.2241	58.7016	11.3755	9.21388	7.74731	6.72926	5.984	66.7901	64.2316	62.1358	8.98564
34200	73.9943	69.6694	66.4934	63.9963	61.9409	60.1931	58.6713	11.3101	9.15609	7.70319	6.69823	5.96235	66.7521	64.1963	62.1026	8.93944
34300	73.9563	69.6329	66.4588	63.9633	61.9093	60.1623	58.6411	11.2576	9.10966	7.66702	6.67186	5.94304	66.7157	64.162	62.07	8.9013
34400	73.9196	69.5977	66.4251	63.931	61.8779	60.1317	58.6111	11.217	9.07353	7.63809	6.64973	5.92587	66.6805	64.1286	62.0379	8.87048
34500	73.8841	69.5636	66.3923	63.8992	61.847	60.1014	58.5812	11.1868	9.04666	7.61565	6.6314	5.91063	66.6466	64.096	62.0063	8.84624
34600	73.8495	69.5305	66.3602	63.8679	61.8163	60.0712	58.5514	11.166	9.028	7.59899	6.61647	5.8971	66.6137	64.064	61.9751	8.82785
34700	73.816	69.4983	66.3288	63.8371	61.7859	60.0412	58.5218	11.1534	9.01651	7.58738	6.6045	5.88507	66.5818	64.0327	61.9442	8.81457
34800	73.7832	69.4669	66.298	63.8067	61.7558	60.0114	58.4923	11.1477	9.01114	7.58008	6.59508	5.87434	66.5507	64.0019	61.9137	8.80565
34900	73.751	69.4361	66.2678	63.7767	61.726	59.9818	58.463	11.1477	9.01084	7.57638	6.58778	5.8647	66.5203	63.9717	61.8835	8.80038
35000	73.7194	69.4058	66.2379	63.7469	61.6963	59.9523	58.4337	11.1523	9.01456	7.57554	6.5822	5.85594	66.4905	63.9418	61.8536	8.79799
35100	73.6883	69.376	66.2084	63.7174	61.6668	59.9229	58.4046	11.1602	9.02126	7.57683	6.57789	5.84786	66.4611	63.9122	61.8238	8.79776
35200	73.6574	69.3464	66.1791	63.688	61.6374	59.8937	58.3755	11.1702	9.02989	7.57952	6.57444	5.84025	66.4321	63.8828	61.7943	8.79894
35300	73.6267	69.317	66.15	63.6589	61.6082	59.8645	58.3466	11.1812	9.03939	7.58288	6.57143	5.83289	66.4032	63.8536	61.7648	8.8008
35400	73.5961	69.2878	66.121	63.6298	61.579	59.8355	58.3177	11.1918	9.04871	7.58617	6.56843	5.82557	66.3744	63.8245	61.7355	8.80258
35500	73.5654	69.2584	66.092	63.6007	61.55	59.8065	58.2889	11.2009	9.0568	7.58866	6.565	5.81808	66.3455	63.7954	61.7062	8.80356
35600	73.5345	69.2289	66.0628	63.5716	61.5209	59.7776	58.2602	11.2074	9.0626	7.58963	6.56074	5.81022	66.3165	63.7663	61.6769	8.80298
35700	73.5033	69.1991	66.0335	63.5424	61.4918	59.7487	58.2316	11.2099	9.0651	7.58834	6.55521	5.80177	66.2872	63.7369	61.6476	8.80012
35800	73.4717	69.1689	66.004	63.5132	61.4628	59.7199	58.2031	11.208	9.06382	7.58448	6.54823	5.79264	66.2575	63.7074	61.6182	8.79466
35900	73.4398	69.1384	65.9742	63.4838	61.4337	59.6911	58.1746	11.2019	9.05898	7.57821	6.53991	5.78287	66.2274	63.6778	61.5888	8.78675
36000	73.4076	69.1077	65.9443	63.4544	61.4047	59.6624	58.1462	11.192	9.05085	7.56969	6.53032	5.77253	66.1971	63.6479	61.5593	8.77657
36100	73.3751	69.0766	65.9142	63.4249	61.3756	59.6337	58.1178	11.1784	9.03968	7.55913	6.5196	5.76167	66.1664	63.618	61.5298	8.76432
36200	73.3423	69.0454	65.884	63.3953	61.3466	59.6051	58.0896	11.1617	9.02576	7.54671	6.50785	5.75034	66.1356	63.5879	61.5003	8.75018
36300	73.3093	69.0139	65.8536	63.3658	61.3176	59.5765	58.0614	11.142	9.00938	7.53261	6.49517	5.73859	66.1045	63.5577	61.4708	8.73436
36400	73.2762	68.9823	65.8232	63.3362	61.2886	59.548	58.0333	11.1197	8.9908	7.51705	6.48168	5.72648	66.0732	63.5275	61.4413	8.71704
36500	73.2429	68.9506	65.7926	63.3065	61.2596	59.5195	58.0052	11.0952	8.97031	7.50019	6.46748	5.71406	66.0418	63.4972	61.4118	8.69843
36600	73.2095	68.9187	65.7621	63.2769	61.2307	59.4912	57.9772	11.0687	8.94819	7.48223	6.45268	5.70138	66.0103	63.4669	61.3824	8.67869
36700	73.176	68.8868	65.7314	63.2473	61.2019	59.4628	57.9493	11.0407	8.92471	7.46336	6.43739	5.68849	65.9788	63.4366	61.3529	8.65805
36800	73.1425	68.8548	65.7008	63.2177	61.1731	59.4346	57.9215	11.0114	8.90015	7.44376	6.4217	5.67543	65.9471	63.4062	61.3236	8.63667
36900	73.109	68.8229	65.6702	63.1882	61.1443	59.4064	57.8938	10.9812	8.87478	7.42363	6.40572	5.66225	65.9155	63.3759	61.2942	8.61475
37000	73.0755	68.791	65.6397	63.1587	61.1156	59.3783	57.8661	10.9503	8.84889	7.40314	6.38956	5.64901	65.8839	63.3457	61.265	8.59248
37100	73.0421	68.7591	65.6092	63.1294	61.087	59.3503	57.8385	10.9192	8.82275	7.38248	6.37332	5.63574	65.8523	63.3155	61.2358	8.57005
37200	73.0088	68.7273	65.5788	63.1	61.0585	59.3224	57.811	10.8881	8.79664	7.36186	6.3571	5.62251	65.8209	63.2854	61.2067	8.54765
37300	72.9756	68.6957	65.5485	63.0708	61.0301	59.2945	57.7836	10.8574	8.77083	7.34144	6.34102	5.60936	65.7895	63.2554	61.1777	8.52548
37400	72.9426	68.6642	65.5184	63.0417	61.0018	59.2668	57.7563	10.8273	8.7456	7.32142	6.32518	5.59634	65.7583	63.2255	61.1488	8.50372
37500	72.9097	68.6329	65.4883	63.0127	60.9735	59.2391	57.729	10.7984	8.72124	7.302	6.30969	5.58351	65.7274	63.1958	61.12	8.48256
37600	72.8771	68.6018	65.4585	62.9839	60.9454	59.2115	57.7019	10.7707	8.69797	7.28332	6.29463	5.5709	65.6966	63.1663	61.0913	8.46218
37700	72.8448	68.5709	65.4289	62.9552	60.9174	59.184	57.6748	10.7444	8.67582	7.2654	6.28001	5.55852	65.666	63.1369	61.0628	8.44257
37800	72.8126	68.5402	65.3994	62.9266	60.8895	59.1566	57.6478	10.7193	8.65475	7.24821	6.26581	5.54635	65.6356	63.1076	61.0343	8.4237
37900	72.7807	68.5097	65.3701	62.8982	60.8617	59.1293	57.6209	10.6956	8.6347	7.2317	6.25199	5.53438	65.6055	63.0785	61.006	8.40553
38000	72.749	68.4795	65.3409	62.8698	60.834	59.1021	57.594	10.673	8.61562	7.21583	6.23854	5.52258	65.5755	63.0496	60.9778	8.38803
38100	72.7176	68.4494	65.3119	62.8416	60.8064	59.0749	57.5673	10.6517	8.59749	7.20057	6.22542	5.51096	65.5458	63.0208	60.9497	8.37116
38200	72.6863	68.4195	65.2831	62.8136	60.7789	59.0479	57.5406	10.6314	8.58023	7.18588	6.21262	5.49948	65.5162	62.9921	60.9218	8.35487
38300	72.6552	68.3898	65.2544	62.7856	60.7515	59.0209	57.514	10.6123	8.56382	7.17172	6.20011	5.48815	65.4868	62.9636	60.8939	8.33914
38400	72.6244	68.3603	65.2258	62.7578	60.7242	58.9941	57.4875	10.5942	8.54821	7.15807	6.18787	5.47695	65.4576	62.9352	60.8661	8.32392
38500	72.5938	68.331	65.1974	62.73	60.697	58.9673	57.4611	10.577	8.53335	7.14488	6.17588	5.46587	65.4285	62.907	60.8385	8.30919
38600	72.5633	68.3018	65.1691	62.7024	60.6699	58.9406	57.4347	10.5609	8.51919	7.13212	6.16412	5.45491	65.3996	62.8789	60.8109	8.29491
38700	72.5331	68.2728	65.141	62.6749	60.6429	58.914	57.4084	10.5457	8.50571	7.11977	6.15258	5.44406	65.3709	62.8509	60.7835	8.28104
38800	72.503	68.244	65.113	62.6475	60.6159	58.8874	57.3822	10.5314	8.49286	7.10779	6.14123	5.43331	65.3424	62.823	60.7561	8.26756
38900	72.4732	68.2153	65.0851	62.6202	60.5891	58.861	57.3561	10.5179	8.48059	7.09615	6.13007	5.42265	65.3139	62.7952	60.7289	8.25444
39000	72.4435	68.1868	65.0574	62.593	60.5623	58.8346	57.3301	10.5053	8.46888	7.08483	6.11906	5.41209	65.2857	62.7675	60.7017	8.24163
39100	72.414	68.1585	65.0298	62.5659	60.5356	58.8083	57.3041	10.4933	8.45766	7.07378	6.1082	5.4016	65.2575	62.74	60.6746	8.22912
39200	72.3847	68.1303	65.0022	62.5389	60.5091	58.782	57.2782	10.4822	8.44692	7.06297	6.09746	5.39118	65.2295	62.7125	60.6476	8.21686
39300	72.3556	68.1022	64.9748	62.512	60.4825	58.7559	57.2524	10.4717	8.43659	7.05239	6.08682	5.38082	65.2016	62.6852	60.6207	8.20483
39400	72.3266	68.0743	64.9475	62.4851	60.4561	58.7298	57.2266	10.4619	8.42665	7.04198	6.07627	5.37051	65.1739	62.6579	60.5939	8.19299
39500	72.2978	68.0464	64.9203	62.4584	60.4297	58.7038	57.2009	10.4527	8.41705	7.03173	6.06579	5.36025	65.1462	62.6307	60.5671	8.1813
39600	72.2692	68.0188	64.8932	62.4317	60.4035	58.6779	57.1753	10.4441	8.40779	7.02163	6.05537	5.35003	65.1187	62.6036	60.5404	8.16977
39700	72.2408	67.9912	64.8662	62.4051	60.3772	58.652	57.1498	10.4362	8.39891	7.01169	6.04502	5.33985	65.0913	62.5766	60.5138	8.15841
39800	72.2125	67.9639	64.8393	62.3786	60.3511	58.6262	57.1243	10.429	8.39044	7.00195	6.03477	5.32973	65.064	62.5497	60.4873	8.14725
39900	72.1844	67.9366	64.8125	62.3522	60.325	58.6005	57.0989	10.4226	8.38243	6.99244	6.02461	5.31968	65.0368	62.5229	60.4609	8.13632
40000	72.1565	67.9095	64.7858	62.3259	60.2991	58.5749	57.0736	10.417	8.37492	6.98317	6.01458	5.30969	65.0098	62.4962	60.4345	8.12564
40100	72.1288	67.8826	64.7592	62.2996	60.2732	58.5493	57.0483	10.4123	8.36796	6.97417	6.00468	5.29978	64.9828	62.4696	60.4082	8.11524
40200	72.1013	67.8558	64.7328	62.2734	60.2473	58.5238	57.0231	10.4086	8.36157	6.96548	5.99493	5.28995	64.9561	62.443	60.382	8.10514
40300	72.074	67.8291	64.7064	62.2474	60.2216	58.4984	56.998	10.4059	8.35581	6.9571	5.98534	5.28021	64.9294	62.4166	60.3559	8.09536
40400	72.0469	67.8027	64.6802	62.2214	60.1959	58.473	56.9729	10.4042	8.3507	6.94907	5.97591	5.27056	64.9029	62.3903	60.3299	8.08593
40500	72.0201	67.7764	64.6541	62.1955	60.1703	58.4477	56.9479	10.4036	8.3463	6.94141	5.96666	5.26101	64.8765	62.3641	60.3039	8.07686
40600	71.9935	67.7503	64.6281	62.1697	60.1448	58.4225	56.923	10.4042	8.34263	6.93413	5.9576	5.25155	64.8503	62.3379	60.2781	8.06819
40700	71.9671	67.7243	64.6022	62.144	60.1193	58.3974	56.8982	10.406	8.33973	6.92726	5.94874	5.24219	64.8243	62.3119	60.2522	8.05993
40800	71.9409	67.6985	64.5765	62.1183	60.0939	58.3723	56.8734	10.4089	8.33755	6.92077	5.94006	5.23293	64.7984	62.286	60.2265	8.05205
40900	71.9149	67.6729	64.5509	62.0928	60.0686	58.3473	56.8487	10.4129	8.33604	6.91464	5.93156	5.22375	64.7726	62.2602	60.2009	8.04454
41000	71.8891	67.6475	64.5254	62.0674	60.0434	58.3223	56.824	10.4178	8.33515	6.90885	5.92322	5.21466	64.7469	62.2345	60.1754	8.03737
41100	71.8636	67.6221	64.5	62.042	60.0182	58.2974	56.7995	10.4236	8.33483	6.90337	5.91504	5.20564	64.7214	62.2088	60.1499	8.03052
41200	71.8381	67.597	64.4747	62.0167	59.9932	58.2726	56.7749	10.4301	8.33502	6.89818	5.907	5.1967	64.696	62.1833	60.1245	8.02395
41300	71.8129	67.5719	64.4495	61.9915	59.9682	58.2479	56.7505	10.4374	8.33568	6.89325	5.89911	5.18784	64.6708	62.1579	60.0992	8.01765
41400	71.7877	67.547	64.4244	61.9664	59.9432	58.2233	56.7261	10.4452	8.33676	6.88856	5.89134	5.17905	64.6456	62.1325	60.0739	8.0116
41500	71.7627	67.5222	64.3993	61.9414	59.9183	58.1987	56.7018	10.4536	8.33819	6.88409	5.88369	5.17032	64.6205	62.1072	60.0487	8.00577
41600	71.7379	67.4975	64.3744	61.9164	59.8935	58.1741	56.6776	10.4624	8.33993	6.8798	5.87615	5.16166	64.5956	62.082	60.0237	8.00013
41700	71.7131	67.4729	64.3496	61.8915	59.8688	58.1497	56.6534	10.4715	8.34191	6.87567	5.8687	5.15305	64.5707	62.0569	59.9986	7.99464
41800	71.6885	67.4483	64.3248	61.8667	59.8442	58.1253	56.6293	10.4808	8.34405	6.87165	5.86133	5.1445	64.5459	62.0319	59.9737	7.98928
41900	71.6638	67.4239	64.3001	61.842	59.8196	58.1009	56.6052	10.4902	8.34628	6.86771	5.85401	5.13598	64.5212	62.0069	59.9488	7.98399
42000	71.6393	67.3995	64.2755	61.8173	59.7951	58.0767	56.5812	10.4996	8.34853	6.8638	5.84673	5.12751	64.4965	61.982	59.924	7.97874
42100	71.6148	67.3751	64.2509	61.7927	59.7706	58.0525	56.5573	10.5088	8.35072	6.85989	5.83947	5.11905	64.4719	61.9572	59.8992	7.97349
42200	71.5904	67.3508	64.2264	61.7681	59.7462	58.0283	56.5334	10.5178	8.35277	6.85593	5.83221	5.11062	64.4474	61.9324	59.8745	7.96821
42300	71.566	67.3266	64.2019	61.7436	59.7219	58.0042	56.5096	10.5265	8.35462	6.85189	5.82494	5.1022	64.4228	61.9077	59.8499	7.96284
42400	71.5415	67.3024	64.1775	61.7192	59.6976	57.9802	56.4859	10.5346	8.35619	6.84772	5.81763	5.0938	64.3984	61.883	59.8253	7.95735
42500	71.5171	67.2781	64.1531	61.6948	59.6734	57.9563	56.4622	10.5422	8.35741	6.8434	5.81028	5.08539	64.3739	61.8584	59.8008	7.95171
42600	71.4926	67.2539	64.1288	61.6704	59.6492	57.9324	56.4386	10.5491	8.3582	6.83887	5.80286	5.07698	64.3495	61.8338	59.7764	7.94588
42700	71.4681	67.2297	64.1044	61.6461	59.6251	57.9085	56.415	10.5552	8.35849	6.83412	5.79536	5.06856	64.3251	61.8092	59.752	7.93981
42800	71.4435	67.2054	64.0801	61.6219	59.6011	57.8848	56.3916	10.5604	8.35822	6.82909	5.78777	5.06013	64.3006	61.7848	59.7276	7.93348
42900	71.4189	67.1811	64.0558	61.5977	59.5771	57.8611	56.3681	10.5645	8.35731	6.82375	5.78006	5.05168	64.2762	61.7603	59.7033	7.92684
43000	71.3941	67.1568	64.0315	61.5735	59.5532	57.8374	56.3447	10.5675	8.35569	6.81808	5.77223	5.04322	64.2518	61.7358	59.6791	7.91986
43100	71.3693	67.1324	64.0072	61.5494	59.5293	57.8138	56.3214	10.5693	8.35329	6.81202	5.76426	5.03472	64.2273	61.7114	59.6549	7.9125
43200	71.3443	67.1079	63.983	61.5253	59.5055	57.7903	56.2982	10.5696	8.35004	6.80555	5.75614	5.02619	64.2028	61.687	59.6308	7.90473
43300	71.3192	67.0834	63.9586	61.5012	59.4817	57.7668	56.275	10.5686	8.34587	6.79863	5.74785	5.01763	64.1782	61.6627	59.6067	7.89651
43400	71.2939	67.0588	63.9343	61.4772	59.4579	57.7434	56.2519	10.5659	8.34071	6.79123	5.73937	5.00902	64.1536	61.6383	59.5827	7.88781
43500	71.2685	67.0341	63.91	61.4532	59.4343	57.7201	56.2288	10.5616	8.33449	6.7833	5.73069	5.00037	64.129	61.614	59.5586	7.87857
43600	71.2429	67.0093	63.8856	61.4292	59.4106	57.6967	56.2058	10.5554	8.32714	6.77482	5.7218	4.99166	64.1043	61.5896	59.5347	7.86878
43700	71.2171	66.9843	63.8612	61.4052	59.3871	57.6735	56.1828	10.5473	8.31858	6.76574	5.71268	4.98288	64.0795	61.5653	59.5108	7.85839
43800	71.1911	66.9593	63.8368	61.3813	59.3635	57.6503	56.1599	10.5373	8.30876	6.75603	5.70331	4.97405	64.0546	61.541	59.4869	7.84737
43900	71.1649	66.9341	63.8123	61.3573	59.34	57.6271	56.1371	10.5251	8.2976	6.74566	5.69368	4.96514	64.0297	61.5166	59.463	7.83568
44000	71.1384	66.9087	63.7878	61.3334	59.3165	57.604	56.1143	10.5107	8.28505	6.73461	5.68379	4.95616	64.0046	61.4923	59.4392	7.8233
44100	71.1117	66.8832	63.7632	61.3095	59.2931	57.581	56.0915	10.4939	8.27103	6.72282	5.6736	4.9471	63.9795	61.4679	59.4154	7.81019
44200	71.0847	66.8575	63.7385	61.2856	59.2697	57.558	56.0688	10.4748	8.25549	6.71029	5.66312	4.93795	63.9542	61.4436	59.3917	7.79631
44300	71.0575	66.8317	63.7138	61.2617	59.2464	57.5351	56.0462	10.4531	8.23836	6.69696	5.65234	4.92872	63.9288	61.4192	59.368	7.78165
44400	71.0299	66.8056	63.6891	61.2378	59.2231	57.5122	56.0236	10.4287	8.21957	6.68283	5.64123	4.91939	63.9033	61.3948	59.3443	7.76615
44500	71.0021	66.7794	63.6642	61.2139	59.1998	57.4893	56.0011	10.4017	8.19907	6.66784	5.62978	4.90997	63.8777	61.3703	59.3206	7.7498
44600	70.9739	66.753	63.6393	61.19	59.1766	57.4665	55.9787	10.3718	8.17679	6.65197	5.61798	4.90044	63.8519	61.3459	59.297	7.73256
44700	70.9454	66.7263	63.6142	61.1661	59.1534	57.4438	55.9562	10.339	8.15266	6.63518	5.60582	4.8908	63.8259	61.3214	59.2734	7.71439
44800	70.9166	66.6995	63.5891	61.1422	59.1302	57.4211	55.9339	10.3031	8.12663	6.61745	5.59329	4.88104	63.7999	61.2969	59.2498	7.69526
44900	70.8874	66.6724	63.5639	61.1182	59.1071	57.3984	55.9116	10.264	8.09861	6.59874	5.58036	4.87117	63.7736	61.2723	59.2262	7.67515
45000	70.8578	66.6451	63.5387	61.0943	59.0839	57.3758	55.8893	10.2218	8.06856	6.57902	5.56703	4.86117	63.7472	61.2477	59.2027	7.65401