300	41.371	40.8336	40.2383	39.659	39.1218	38.6163	38.121	61.2504	60.3574	59.4885	58.6827	57.9244	40.2383	39.659	39.1218	49.5738
400	40.8061	40.0589	39.3207	38.6207	37.9417	37.2622	36.573	60.0884	58.9811	57.9311	56.9126	55.8932	39.3207	38.6207	37.9417	48.2759
500	40.2296	39.3246	38.4501	37.5958	36.7412	35.8816	35.0257	58.9869	57.6752	56.3938	55.1118	53.8224	38.4501	37.5958	36.7412	46.9948
600	39.7221	38.6452	37.5985	36.568	35.546	34.5415	33.5705	57.9678	56.3977	54.8521	53.319	51.8123	37.5985	36.568	35.546	45.7101
700	39.1696	37.9454	36.7452	35.5614	34.4046	33.2945	32.2467	56.9182	55.1178	53.3421	51.6068	49.9417	36.7452	35.5614	34.4046	44.4517
800	38.6367	37.2552	35.9047	34.589	33.3293	32.1464	31.0494	55.8828	53.8571	51.8834	49.994	48.2196	35.9047	34.589	33.3293	43.2362
900	38.1393	36.5958	35.1031	33.6765	32.3382	31.1008	29.9636	54.8938	52.6547	50.5148	48.5074	46.6512	35.1031	33.6765	32.3382	42.0956
1000	37.6418	35.9421	34.3192	32.7947	31.3891	30.1088	28.9472	53.9132	51.4788	49.1921	47.0836	45.1632	34.3192	32.7947	31.3891	40.9934
1100	37.1241	35.3077	33.5922	32.0041	30.5558	29.2435	28.0542	52.9615	50.3883	48.0061	45.8338	43.8652	33.5922	32.0041	30.5558	40.0051
1200	36.6174	34.6753	32.8617	31.2084	29.7241	28.3959	27.2023	52.0129	49.2925	46.8126	44.5861	42.5939	32.8617	31.2084	29.7241	39.0105
1300	36.1455	34.0919	32.1948	30.4808	28.9522	27.5929	26.38	51.1379	48.2921	45.7212	43.4283	41.3894	32.1948	30.4808	28.9522	38.101
1400	35.6879	33.5449	31.5987	29.8607	28.3172	26.9424	25.7104	50.3174	47.398	44.791	42.4758	40.4135	31.5987	29.8607	28.3172	37.3259
1500	35.2099	32.9567	30.9382	29.1606	27.6015	26.226	24.9999	49.4351	46.4072	43.7409	41.4023	39.3389	30.9382	29.1606	27.6015	36.4507
1600	34.7598	32.4098	30.3265	28.5083	26.9263	25.5417	24.3163	48.6147	45.4898	42.7624	40.3895	38.3126	30.3265	28.5083	26.9263	35.6353
1700	34.366	31.9553	29.8403	28.0004	26.3964	24.9882	23.7414	47.933	44.7605	42.0005	39.5945	37.4823	29.8403	28.0004	26.3964	35.0004
1800	33.971	31.4975	29.3501	27.4933	25.8771	24.4565	23.1969	47.2462	44.0252	41.2399	38.8156	36.6847	29.3501	27.4933	25.8771	34.3666
1900	33.532	30.9788	28.7859	26.9117	25.2969	23.8859	22.6369	46.4682	43.1788	40.3676	37.9453	35.8289	28.7859	26.9117	25.2969	33.6396
2000	33.0979	30.4752	28.2415	26.3501	24.7353	23.3339	22.0975	45.7127	42.3623	39.5252	37.103	35.0009	28.2415	26.3501	24.7353	32.9377
2100	32.721	30.058	27.7998	25.8891	24.259	22.8483	21.6085	45.087	41.6998	38.8337	36.3885	34.2724	27.7998	25.8891	24.259	32.3614
2200	32.3819	29.6948	27.4229	25.4939	23.8416	22.4114	21.1592	44.5421	41.1343	38.2408	35.7624	33.6171	27.4229	25.4939	23.8416	31.8673
2300	32.0381	29.3209	27.0361	25.0962	23.4309	21.9886	20.7291	43.9813	40.5542	37.6443	35.1463	32.983	27.0361	25.0962	23.4309	31.3702
2400	31.6665	28.9012	26.5998	24.6599	22.9994	21.5622	20.3078	43.3517	39.8996	36.9899	34.4992	32.3432	26.5998	24.6599	22.9994	30.8249
2500	31.2848	28.4624	26.1421	24.2084	22.5631	21.1408	19.8992	42.6936	39.2132	36.3127	33.8447	31.7112	26.1421	24.2084	22.5631	30.2606
2600	30.9243	28.0484	25.7075	23.7768	22.1448	20.7372	19.5089	42.0726	38.5612	35.6653	33.2172	31.1058	25.7075	23.7768	22.1448	29.721
2700	30.6088	27.6921	25.3276	23.3889	21.7589	20.3584	19.1395	41.5382	37.9914	35.0834	32.6384	30.5376	25.3276	23.3889	21.7589	29.2361
2800	30.3372	27.3952	25.0058	23.0477	21.4074	20.0052	18.7911	41.0928	37.5087	34.5715	32.1111	30.0078	25.0058	23.0477	21.4074	28.8096
2900	30.0836	27.1275	24.716	22.735	21.0795	19.672	18.4606	40.6912	37.074	34.1025	31.6192	29.5081	24.716	22.735	21.0795	28.4188
3000	29.8213	26.857	24.4303	22.4314	20.7637	19.3525	18.1446	40.2855	36.6454	33.6471	31.1455	29.0288	24.4303	22.4314	20.7637	28.0393
3100	29.5306	26.5597	24.1276	22.1222	20.4511	19.0417	17.8399	39.8395	36.1914	33.1833	30.6766	28.5626	24.1276	22.1222	20.4511	27.6528
3200	29.2117	26.2352	23.8077	21.8072	20.1413	18.7388	17.5454	39.3529	35.7116	32.7108	30.212	28.1083	23.8077	21.8072	20.1413	27.259
3300	28.8714	25.8899	23.4756	21.4898	19.8364	18.4449	17.2615	38.8349	35.2135	32.2347	29.7546	27.6673	23.4756	21.4898	19.8364	26.8623
3400	28.5295	25.541	23.1435	21.1771	19.5397	18.1611	16.9884	38.3116	34.7152	31.7656	29.3095	27.2417	23.1435	21.1771	19.5397	26.4713
3500	28.2035	25.204	22.8211	20.8739	19.2529	17.8875	16.7253	37.806	34.2316	31.3108	28.8794	26.8313	22.8211	20.8739	19.2529	26.0924
3600	27.9057	24.8896	22.5154	20.5836	18.977	17.6237	16.4709	37.3344	33.7731	30.8754	28.4656	26.4356	22.5154	20.5836	18.977	25.7295
3700	27.6478	24.6086	22.2333	20.3094	18.7129	17.3692	16.2239	36.9128	33.35	30.4641	28.0694	26.0538	22.2333	20.3094	18.7129	25.3868
3800	27.4331	24.3643	21.9771	20.0524	18.4609	17.1239	15.9842	36.5464	32.9656	30.0786	27.6913	25.6858	21.9771	20.0524	18.4609	25.0655
3900	27.2496	24.1475	21.7411	19.8097	18.2197	16.8877	15.7524	36.2212	32.6116	29.7145	27.3296	25.3315	21.7411	19.8097	18.2197	24.7621
4000	27.0839	23.9475	21.5187	19.5778	17.9878	16.6598	15.5282	35.9213	32.278	29.3668	26.9818	24.9897	21.5187	19.5778	17.9878	24.4723
4100	26.9226	23.7538	21.3032	19.3532	17.7631	16.4388	15.31	35.6308	31.9548	29.0298	26.6447	24.6582	21.3032	19.3532	17.7631	24.1915
4200	26.753	23.5565	21.0886	19.1325	17.5437	16.2231	15.0966	35.3348	31.6329	28.6987	26.3156	24.3347	21.0886	19.1325	17.5437	23.9156
4300	26.5705	23.3524	20.873	18.9145	17.3286	16.0118	14.8866	35.0287	31.3095	28.3717	25.9929	24.0177	20.873	18.9145	17.3286	23.6431
4400	26.3754	23.1425	20.6571	18.6994	17.1175	15.8041	14.6794	34.7138	30.9856	28.049	25.6762	23.7062	20.6571	18.6994	17.1175	23.3742
4500	26.1689	22.9282	20.4419	18.4878	16.9107	15.6006	14.4755	34.3923	30.6629	27.7317	25.3661	23.4009	20.4419	18.4878	16.9107	23.1097
4600	25.9525	22.711	20.2286	18.2804	16.709	15.4018	14.2759	34.0664	30.343	27.4206	25.0634	23.1028	20.2286	18.2804	16.709	22.8505
4700	25.7273	22.4917	20.0179	18.0777	16.5123	15.2079	14.0805	33.7376	30.0269	27.1166	24.7685	22.8119	20.0179	18.0777	16.5123	22.5972
4800	25.4928	22.2701	19.8096	17.8795	16.3205	15.0185	13.8888	33.4052	29.7144	26.8192	24.4808	22.5277	19.8096	17.8795	16.3205	22.3493
4900	25.2519	22.0475	19.6038	17.6854	16.1332	14.8329	13.7003	33.0713	29.4057	26.5281	24.1998	22.2494	19.6038	17.6854	16.1332	22.1068
5000	25.0092	21.8261	19.4013	17.4953	15.9496	14.6506	13.5142	32.7391	29.1019	26.2429	23.9244	21.9759	19.4013	17.4953	15.9496	21.8691
5100	24.7689	21.608	19.2025	17.3088	15.7692	14.4707	13.3299	32.412	28.8038	25.9633	23.6538	21.706	19.2025	17.3088	15.7692	21.6361
5200	24.5356	21.3955	19.0082	17.1259	15.5916	14.2928	13.1471	32.0932	28.5123	25.6889	23.3874	21.4392	19.0082	17.1259	15.5916	21.4074
5300	24.3138	21.191	18.8192	16.9468	15.4165	14.1166	12.9655	31.7865	28.2288	25.4201	23.1247	21.1749	18.8192	16.9468	15.4165	21.1835
5400	24.108	20.997	18.6367	16.7718	15.2445	13.9427	12.7857	31.4955	27.955	25.1578	22.8667	20.9141	18.6367	16.7718	15.2445	20.9648
5500	23.9212	20.815	18.4613	16.6015	15.0758	13.7715	12.6081	31.2225	27.6919	24.9022	22.6136	20.6572	18.4613	16.6015	15.0758	20.7519
5600	23.7512	20.6438	18.2924	16.4354	14.9101	13.6025	12.432	30.9657	27.4387	24.6532	22.3652	20.4038	18.2924	16.4354	14.9101	20.5443
5700	23.5948	20.4816	18.1293	16.2734	14.7474	13.4356	12.2574	30.7223	27.194	24.41	22.1211	20.1535	18.1293	16.2734	14.7474	20.3417
5800	23.449	20.3265	17.9711	16.1149	14.5874	13.2707	12.084	30.4897	26.9567	24.1723	21.8812	19.9061	17.9711	16.1149	14.5874	20.1436
5900	23.3104	20.1768	17.8171	15.9598	14.4303	13.1084	11.9135	30.2651	26.7256	23.9397	21.6454	19.6626	17.8171	15.9598	14.4303	19.9497
6000	23.176	20.0306	17.6663	15.8077	14.2758	12.9485	11.7456	30.0458	26.4994	23.7115	21.4136	19.4228	17.6663	15.8077	14.2758	19.7596
6100	23.0425	19.8859	17.5178	15.6579	14.1232	12.7901	11.5788	29.8289	26.2767	23.4869	21.1848	19.1851	17.5178	15.6579	14.1232	19.5724
6200	22.9081	19.7417	17.3708	15.51	13.9723	12.6328	11.4126	29.6126	26.0562	23.265	20.9584	18.9491	17.3708	15.51	13.9723	19.3875
6300	22.773	19.598	17.2252	15.3636	13.8225	12.4762	11.2467	29.397	25.8379	23.0454	20.7337	18.7143	17.2252	15.3636	13.8225	19.2045
6400	22.6376	19.4549	17.0809	15.2185	13.6736	12.3202	11.0809	29.1824	25.6214	22.8277	20.5105	18.4803	17.0809	15.2185	13.6736	19.0231
6500	22.5022	19.3127	16.938	15.0747	13.5259	12.1648	10.9152	28.9691	25.4071	22.6121	20.2888	18.2472	16.938	15.0747	13.5259	18.8434
6600	22.3674	19.1718	16.7968	14.9325	13.3793	12.01	10.7492	28.7577	25.1952	22.3988	20.0689	18.015	16.7968	14.9325	13.3793	18.6657
6700	22.2336	19.0324	16.6572	14.7918	13.2337	11.8555	10.5827	28.5485	24.9858	22.1878	19.8505	17.7833	16.6572	14.7918	13.2337	18.4898
6800	22.1012	18.8948	16.5196	14.6533	13.091	11.7062	10.4259	28.3422	24.7794	21.9799	19.6365	17.5593	16.5196	14.6533	13.091	18.3166
6900	21.9701	18.759	16.3839	14.5164	12.9497	11.5581	10.2704	28.1385	24.5758	21.7745	19.4246	17.3372	16.3839	14.5164	12.9497	18.1455
7000	21.8402	18.625	16.2499	14.3809	12.8095	11.4107	10.1151	27.9375	24.3749	21.5713	19.2143	17.116	16.2499	14.3809	12.8095	17.9761
7100	21.7109	18.4925	16.1176	14.2469	12.6703	11.2637	9.95958	27.7388	24.1764	21.3703	19.0054	16.8955	16.1176	14.2469	12.6703	17.8086
7200	21.5821	18.3615	15.987	14.1142	12.532	11.1171	9.80378	27.5423	23.9805	21.1713	18.798	16.6756	15.987	14.1142	12.532	17.6427
7300	21.4533	18.2319	15.8579	13.9828	12.3946	10.9708	9.64748	27.3478	23.7868	20.9742	18.5918	16.4562	15.8579	13.9828	12.3946	17.4785
7400	21.3242	18.1034	15.7303	13.8527	12.2579	10.8247	9.4905	27.155	23.5955	20.7791	18.3869	16.237	15.7303	13.8527	12.2579	17.3159
7500	21.1946	17.9759	15.6042	13.7238	12.122	10.6786	9.33266	26.9639	23.4062	20.5857	18.183	16.0179	15.6042	13.7238	12.122	17.1547
7600	21.0641	17.8494	15.4794	13.596	11.9867	10.5325	9.17373	26.774	23.2191	20.394	17.98	15.7987	15.4794	13.596	11.9867	16.995
7700	20.9325	17.7236	15.3558	13.4691	11.8516	10.3857	9.01293	26.5854	23.0336	20.2036	17.7774	15.5785	15.3558	13.4691	11.8516	16.8363
7800	20.8003	17.5986	15.2333	13.3434	11.7182	10.2418	8.85733	26.398	22.85	20.0151	17.5773	15.3627	15.2333	13.3434	11.7182	16.6792
7900	20.6678	17.4747	15.1125	13.2203	11.59	10.1084	8.72121	26.2121	22.6687	19.8305	17.385	15.1626	15.1125	13.2203	11.59	16.5254
8000	20.5355	17.3518	14.9926	13.0979	11.4621	9.97486	8.58443	26.0277	22.489	19.6469	17.1931	14.9623	14.9926	13.0979	11.4621	16.3724
8100	20.404	17.23	14.8738	12.9762	11.3345	9.84108	8.44678	25.845	22.3108	19.4643	17.0017	14.7616	14.8738	12.9762	11.3345	16.2203
8200	20.2736	17.1096	14.7561	12.8552	11.207	9.70689	8.30799	25.6643	22.1341	19.2828	16.8105	14.5603	14.7561	12.8552	11.207	16.069
8300	20.1451	16.9906	14.6394	12.7348	11.0796	9.57213	8.16779	25.4859	21.9591	19.1021	16.6194	14.3582	14.6394	12.7348	11.0796	15.9184
8400	20.0189	16.8733	14.5238	12.6149	10.9522	9.43662	8.02591	25.3099	21.7856	18.9223	16.4284	14.1549	14.5238	12.6149	10.9522	15.7686
8500	19.8955	16.7577	14.4092	12.4955	10.8248	9.30021	7.88208	25.1366	21.6138	18.7433	16.2371	13.9503	14.4092	12.4955	10.8248	15.6194
8600	19.7755	16.6442	14.2957	12.3767	10.6971	9.16273	7.73601	24.9663	21.4436	18.565	16.0456	13.7441	14.2957	12.3767	10.6971	15.4708
8700	19.6595	16.5328	14.1834	12.2582	10.5692	9.024	7.58744	24.7992	21.2751	18.3873	15.8537	13.536	14.1834	12.2582	10.5692	15.3228
8800	19.5476	16.4235	14.0721	12.1401	10.4408	8.88388	7.43609	24.6352	21.1081	18.2102	15.6613	13.3258	14.0721	12.1401	10.4408	15.1752
8900	19.4394	16.3162	13.9618	12.0224	10.3121	8.74219	7.2817	24.4742	20.9427	18.0336	15.4681	13.1133	13.9618	12.0224	10.3121	15.028
9000	19.3344	16.2106	13.8524	11.9048	10.1827	8.59876	7.12398	24.3159	20.7785	17.8573	15.2741	12.8981	13.8524	11.9048	10.1827	14.8811
9100	19.2322	16.1068	13.7441	11.7882	10.0543	8.45633	6.96731	24.1601	20.6161	17.6824	15.0815	12.6845	13.7441	11.7882	10.0543	14.7353
9200	19.1328	16.0053	13.6398	11.6804	9.94362	8.34569	6.86094	24.008	20.4598	17.5206	14.9154	12.5185	13.6398	11.6804	9.94362	14.6005
9300	19.0353	15.9052	13.5364	11.5729	9.83304	8.23495	6.75427	23.8577	20.3045	17.3593	14.7495	12.3524	13.5364	11.5729	9.83304	14.4661
9400	18.9395	15.806	13.4333	11.4654	9.72209	8.1235	6.64663	23.7089	20.15	17.1981	14.5831	12.1852	13.4333	11.4654	9.72209	14.3318
9500	18.8448	15.7075	13.3305	11.3577	9.61031	8.01076	6.53731	23.5613	19.9958	17.0365	14.4155	12.0161	13.3305	11.3577	9.61031	14.1971
9600	18.7509	15.6097	13.2279	11.2495	9.49747	7.89636	6.42587	23.4145	19.8419	16.8742	14.2462	11.8445	13.2279	11.2495	9.49747	14.0618
9700	18.6575	15.5123	13.1256	11.141	9.38367	7.7803	6.31216	23.2685	19.6883	16.7115	14.0755	11.6705	13.1256	11.141	9.38367	13.9262
9800	18.5642	15.4155	13.0236	11.0324	9.26903	7.66261	6.19608	23.1233	19.5353	16.5486	13.9035	11.4939	13.0236	11.0324	9.26903	13.7905
9900	18.4709	15.3192	12.922	10.9238	9.15364	7.54329	6.07748	22.9789	19.383	16.3856	13.7305	11.3149	12.922	10.9238	9.15364	13.6547
10000	18.3779	15.2235	12.8209	10.8151	9.03739	7.42213	5.9561	22.8352	19.2313	16.2226	13.5561	11.1332	12.8209	10.8151	9.03739	13.5188
10100	18.2851	15.1281	12.72	10.706	8.92	7.29884	5.83158	22.6922	19.0799	16.0591	13.38	10.9483	12.72	10.706	8.92	13.3826
10200	18.1926	15.0331	12.6191	10.5965	8.80127	7.17315	5.70359	22.5496	18.9287	15.8948	13.2019	10.7597	12.6191	10.5965	8.80127	13.2457
10300	18.1005	14.9384	12.5183	10.4864	8.68105	7.04483	5.57182	22.4076	18.7775	15.7297	13.0216	10.5672	12.5183	10.4864	8.68105	13.1081
10400	18.0088	14.8441	12.4175	10.3757	8.55921	6.91368	5.43597	22.2662	18.6263	15.5636	12.8388	10.3705	12.4175	10.3757	8.55921	12.9697
10500	17.9177	14.7502	12.3168	10.2643	8.43562	6.77947	5.29574	22.1253	18.4751	15.3964	12.6534	10.1692	12.3168	10.2643	8.43562	12.8304
10600	17.8272	14.6567	12.2159	10.1521	8.31013	6.64199	5.15082	21.985	18.3239	15.2281	12.4652	9.96298	12.2159	10.1521	8.31013	12.6901
10700	17.7374	14.5636	12.1151	10.039	8.18263	6.50102	5.00091	21.8453	18.1726	15.0586	12.2739	9.75153	12.1151	10.039	8.18263	12.5488
10800	17.6488	14.4723	12.018	9.93352	8.06819	6.37978	4.87732	21.7085	18.027	14.9003	12.1023	9.56968	12.018	9.93352	8.06819	12.4169
10900	17.5617	14.3841	11.9278	9.84183	7.97808	6.29564	4.8034	21.5762	17.8916	14.7628	11.9671	9.44346	11.9278	9.84183	7.97808	12.3023
11000	17.4757	14.2966	11.8381	9.7507	7.88844	6.21182	4.7296	21.4449	17.7571	14.626	11.8327	9.31773	11.8381	9.7507	7.88844	12.1884
11100	17.3905	14.2098	11.749	9.6601	7.79926	6.12829	4.65588	21.3147	17.6235	14.4901	11.6989	9.19244	11.749	9.6601	7.79926	12.0751
11200	17.3062	14.1236	11.6604	9.56986	7.71032	6.04482	4.58199	21.1855	17.4906	14.3548	11.5655	9.06723	11.6604	9.56986	7.71032	11.9623
11300	17.2227	14.038	11.5721	9.47971	7.62127	5.96102	4.50755	21.057	17.3582	14.2196	11.4319	8.94153	11.5721	9.47971	7.62127	11.8496
11400	17.1399	13.9527	11.4839	9.38935	7.53173	5.8765	4.4322	20.929	17.2258	14.084	11.2976	8.81474	11.4839	9.38935	7.53173	11.7367
11500	17.0577	13.8677	11.3955	9.29849	7.44136	5.79085	4.35553	20.8015	17.0933	13.9477	11.162	8.68628	11.3955	9.29849	7.44136	11.6231
11600	16.9762	13.7828	11.3068	9.20684	7.34979	5.7037	4.27719	20.6742	16.9602	13.8103	11.0247	8.55555	11.3068	9.20684	7.34979	11.5085
11700	16.8952	13.698	11.2176	9.11411	7.25666	5.61464	4.19677	20.547	16.8264	13.6712	10.885	8.42196	11.2176	9.11411	7.25666	11.3926
11800	16.8146	13.6131	11.1277	9.02	7.16161	5.52329	4.1139	20.4197	16.6915	13.53	10.7424	8.28493	11.1277	9.02	7.16161	11.275
11900	16.7344	13.528	11.0369	8.92431	7.06434	5.4293	4.02825	20.292	16.5553	13.3865	10.5965	8.14395	11.0369	8.92431	7.06434	11.1554
12000	16.6546	13.4428	10.9452	8.82699	6.96476	5.33251	3.93959	20.1643	16.4178	13.2405	10.4471	7.99876	10.9452	8.82699	6.96476	11.0337
12100	16.5752	13.3576	10.8528	8.72809	6.86281	5.23279	3.84774	20.0364	16.2792	13.0921	10.2942	7.84918	10.8528	8.72809	6.86281	10.9101
12200	16.4962	13.2723	10.7597	8.62762	6.75846	5.13001	3.75251	19.9085	16.1395	12.9414	10.1377	7.69501	10.7597	8.62762	6.75846	10.7845
12300	16.4178	13.1871	10.666	8.52562	6.65164	5.02404	3.65372	19.7807	15.9989	12.7884	9.97747	7.53605	10.666	8.52562	6.65164	10.657
12400	16.3398	13.1021	10.5716	8.42212	6.54232	4.91474	3.55118	19.6531	15.8575	12.6332	9.81348	7.37212	10.5716	8.42212	6.54232	10.5276
12500	16.2623	13.0172	10.4768	8.31713	6.43044	4.802	3.4447	19.5258	15.7153	12.4757	9.64566	7.20301	10.4768	8.31713	6.43044	10.3964
12600	16.1853	12.9326	10.3816	8.21068	6.31595	4.68568	3.3341	19.3989	15.5724	12.316	9.47392	7.02853	10.3816	8.21068	6.31595	10.2634
12700	16.1089	12.8482	10.2859	8.10274	6.19875	4.56562	3.21916	19.2724	15.4289	12.1541	9.29813	6.84843	10.2859	8.10274	6.19875	10.1284
12800	16.0329	12.7641	10.1898	7.99317	6.07867	4.4416	3.09965	19.1461	15.2846	11.9898	9.11801	6.6624	10.1898	7.99317	6.07867	9.99146
12900	15.9572	12.6799	10.0929	7.88182	5.95552	4.31341	2.97535	19.0199	15.1393	11.8227	8.93329	6.47012	10.0929	7.88182	5.95552	9.85228
13000	15.8846	12.6041	10.0139	7.80208	5.87934	4.24526	2.91835	18.9062	15.0209	11.7031	8.81901	6.36789	10.0139	7.80208	5.87934	9.7526
13100	15.813	12.5306	9.93947	7.73	5.8143	4.19121	2.87707	18.7958	14.9092	11.595	8.72145	6.28681	9.93947	7.73	5.8143	9.6625
13200	15.7416	12.4574	9.86539	7.65818	5.74935	4.13709	2.83562	18.6861	14.7981	11.4873	8.62403	6.20563	9.86539	7.65818	5.74935	9.57273
13300	15.6705	12.3845	9.79159	7.58656	5.68445	4.08286	2.79396	18.5768	14.6874	11.3798	8.52668	6.12429	9.79159	7.58656	5.68445	9.4832
13400	15.5996	12.3119	9.71803	7.51509	5.61956	4.02847	2.75203	18.4679	14.577	11.2726	8.42933	6.0427	9.71803	7.51509	5.61956	9.39387
13500	15.5288	12.2396	9.64471	7.44377	5.55464	3.9739	2.70981	18.3594	14.4671	11.1656	8.33196	5.96084	9.64471	7.44377	5.55464	9.30471
13600	15.4582	12.1675	9.57163	7.37258	5.48969	3.91911	2.66726	18.2512	14.3575	11.0589	8.23454	5.87866	9.57163	7.37258	5.48969	9.21573
13700	15.3877	12.0957	9.49881	7.30154	5.4247	3.86408	2.62433	18.1435	14.2482	10.9523	8.13705	5.79611	9.49881	7.30154	5.4247	9.12692
13800	15.3174	12.0242	9.42625	7.23063	5.35963	3.80877	2.58099	18.0362	14.1394	10.846	8.03945	5.71315	9.42625	7.23063	5.35963	9.03829
13900	15.2473	11.9529	9.3539	7.15977	5.2944	3.75309	2.53716	17.9293	14.0308	10.7396	7.9416	5.62963	9.3539	7.15977	5.2944	8.94971
14000	15.1772	11.8818	9.28159	7.08877	5.2288	3.69685	2.49268	17.8227	13.9224	10.6332	7.84321	5.54528	9.28159	7.08877	5.2288	8.86096
14100	15.1071	11.8107	9.20916	7.01743	5.16264	3.63988	2.4474	17.7161	13.8137	10.5261	7.74396	5.45982	9.20916	7.01743	5.16264	8.77178
14200	15.037	11.7396	9.13645	6.94555	5.0957	3.58198	2.40118	17.6094	13.7047	10.4183	7.64355	5.37296	9.13645	6.94555	5.0957	8.68193
14300	14.9668	11.6683	9.0633	6.87294	5.02778	3.52296	2.35385	17.5024	13.595	10.3094	7.54167	5.28444	9.0633	6.87294	5.02778	8.59117
14400	14.8965	11.5967	8.98954	6.79939	4.95868	3.46264	2.30526	17.3951	13.4843	10.1991	7.43801	5.19396	8.98954	6.79939	4.95868	8.49924
14500	14.826	11.5247	8.91503	6.72472	4.88818	3.40083	2.25527	17.2871	13.3725	10.0871	7.33227	5.10125	8.91503	6.72472	4.88818	8.4059
14600	14.7554	11.4523	8.83958	6.64873	4.8161	3.33735	2.20371	17.1785	13.2594	9.97309	7.22415	5.00602	8.83958	6.64873	4.8161	8.31091
14700	14.6846	11.3793	8.76305	6.57121	4.74221	3.27201	2.15044	17.0689	13.1446	9.85681	7.11332	4.90801	8.76305	6.57121	4.74221	8.21401
14800	14.6136	11.3056	8.68528	6.49197	4.66632	3.20461	2.0953	16.9583	13.0279	9.73796	6.99948	4.80692	8.68528	6.49197	4.66632	8.11496
14900	14.5423	11.231	8.60609	6.41082	4.58823	3.13498	2.03814	16.8465	12.9091	9.61623	6.88234	4.70247	8.60609	6.41082	4.58823	8.01352
15000	14.4707	11.1556	8.52534	6.32755	4.50772	3.06293	1.97881	16.7334	12.788	9.49132	6.76157	4.59439	8.52534	6.32755	4.50772	7.90944
15100	14.3989	11.0792	8.44285	6.24197	4.42459	2.98827	1.91715	16.6188	12.6643	9.36296	6.63688	4.4824	8.44285	6.24197	4.42459	7.80246
15200	14.3267	11.0017	8.35852	6.15392	4.33867	2.91083	1.85303	16.5026	12.5378	9.23088	6.508	4.36625	8.35852	6.15392	4.33867	7.6924
15300	14.2543	10.9232	8.27231	6.06333	4.24984	2.83049	1.78632	16.3848	12.4085	9.095	6.37477	4.24574	8.27231	6.06333	4.24984	7.57917
15400	14.1817	10.8436	8.18422	5.97015	4.15803	2.74714	1.71692	16.2655	12.2763	8.95522	6.23704	4.12071	8.18422	5.97015	4.15803	7.46269
15500	14.1089	10.7631	8.09423	5.87431	4.06311	2.66066	1.64472	16.1446	12.1413	8.81147	6.09467	3.99099	8.09423	5.87431	4.06311	7.34289
15600	14.0361	10.6816	8.00235	5.77577	3.96502	2.57094	1.5696	16.0224	12.0035	8.66366	5.94752	3.85641	8.00235	5.77577	3.96502	7.21971
15700	13.9633	10.5991	7.90857	5.67446	3.86363	2.47785	1.49145	15.8987	11.8628	8.51169	5.79544	3.71678	7.90857	5.67446	3.86363	7.09308
15800	13.8929	10.5217	7.82383	5.58648	3.77866	2.4021	1.42929	15.7826	11.7357	8.37972	5.66799	3.60316	7.82383	5.58648	3.77866	6.9831
15900	13.8288	10.4587	7.76524	5.53692	3.74086	2.37601	1.41287	15.6881	11.6479	8.30539	5.6113	3.56401	7.76524	5.53692	3.74086	6.92115
16000	13.7653	10.3959	7.70657	5.48716	3.70283	2.34972	1.3963	15.5938	11.5599	8.23074	5.55425	3.52457	7.70657	5.48716	3.70283	6.85895
16100	13.7024	10.3332	7.64786	5.43721	3.66457	2.32322	1.37959	15.4999	11.4718	8.15581	5.49686	3.48482	7.64786	5.43721	3.66457	6.79651
16200	13.6402	10.2709	7.58916	5.3871	3.62608	2.2965	1.36271	15.4063	11.3837	8.08065	5.43912	3.44475	7.58916	5.3871	3.62608	6.73388
16300	13.5788	10.2088	7.53053	5.33686	3.58737	2.26957	1.34566	15.3133	11.2958	8.0053	5.38106	3.40435	7.53053	5.33686	3.58737	6.67108
16400	13.5181	10.1472	7.472	5.28652	3.54845	2.2424	1.32842	15.2208	11.208	7.92979	5.32267	3.3636	7.472	5.28652	3.54845	6.60816
16500	13.4581	10.086	7.41362	5.23611	3.50931	2.215	1.31098	15.1289	11.1204	7.85416	5.26397	3.32249	7.41362	5.23611	3.50931	6.54514
16600	13.3989	10.0252	7.35544	5.18564	3.46998	2.18735	1.29333	15.0378	11.0332	7.77847	5.20497	3.28102	7.35544	5.18564	3.46998	6.48205
16700	13.3405	9.96494	7.29751	5.13515	3.43044	2.15944	1.27545	14.9474	10.9463	7.70273	5.14566	3.23916	7.29751	5.13515	3.43044	6.41894
16800	13.2829	9.9052	7.2398	5.08462	3.39069	2.13126	1.25733	14.8578	10.8597	7.62694	5.08603	3.19689	7.2398	5.08462	3.39069	6.35578
16900	13.2259	9.84594	7.18231	5.03404	3.3507	2.10278	1.23894	14.7689	10.7735	7.55106	5.02604	3.15418	7.18231	5.03404	3.3507	6.29255
17000	13.1697	9.78711	7.125	4.98337	3.31044	2.07399	1.22027	14.6807	10.6875	7.47505	4.96566	3.11098	7.125	4.98337	3.31044	6.22921
17100	13.114	9.7287	7.06785	4.93259	3.2699	2.04485	1.2013	14.593	10.6018	7.39889	4.90486	3.06728	7.06785	4.93259	3.2699	6.16574
17200	13.0588	9.67066	7.01083	4.88169	3.22906	2.01535	1.182	14.506	10.5162	7.32254	4.84358	3.02303	7.01083	4.88169	3.22906	6.10211
17300	13.0042	9.61298	6.95393	4.83064	3.18788	1.98547	1.16237	14.4195	10.4309	7.24596	4.78182	2.9782	6.95393	4.83064	3.18788	6.0383
17400	12.95	9.5556	6.89712	4.77941	3.14634	1.95517	1.14238	14.3334	10.3457	7.16912	4.71952	2.93276	6.89712	4.77941	3.14634	5.97426
17500	12.8962	9.49851	6.84036	4.72799	3.10443	1.92445	1.12201	14.2478	10.2605	7.09199	4.65665	2.88667	6.84036	4.72799	3.10443	5.90999
17600	12.8428	9.44167	6.78365	4.67635	3.06212	1.89327	1.10125	14.1625	10.1755	7.01453	4.59318	2.8399	6.78365	4.67635	3.06212	5.84544
17700	12.7896	9.38504	6.72693	4.62446	3.01937	1.86161	1.08007	14.0776	10.0904	6.93669	4.52906	2.79241	6.72693	4.62446	3.01937	5.78057
17800	12.7366	9.32851	6.67011	4.57221	2.97611	1.8294	1.05842	13.9928	10.0052	6.85832	4.46416	2.7441	6.67011	4.57221	2.97611	5.71527
17900	12.6837	9.27198	6.61307	4.51951	2.93224	1.79659	1.03627	13.908	9.91961	6.77927	4.39837	2.69489	6.61307	4.51951	2.93224	5.64939
18000	12.6308	9.21534	6.5557	4.46625	2.88769	1.76311	1.01358	13.823	9.83355	6.69937	4.33154	2.64467	6.5557	4.46625	2.88769	5.58281
18100	12.5778	9.15846	6.49787	4.41231	2.84236	1.72889	0.99029	13.7377	9.74681	6.61846	4.26354	2.59334	6.49787	4.41231	2.84236	5.51539
18200	12.5245	9.10126	6.43948	4.35759	2.79616	1.69387	0.966368	13.6519	9.65922	6.53639	4.19424	2.54081	6.43948	4.35759	2.79616	5.44699
18300	12.471	9.04361	6.3804	4.302	2.74901	1.65798	0.941768	13.5654	9.57061	6.45299	4.12352	2.48698	6.3804	4.302	2.74901	5.37749
18400	12.4171	8.98542	6.32054	4.24541	2.70082	1.62116	0.916445	13.4781	9.48081	6.36811	4.05123	2.43174	6.32054	4.24541	2.70082	5.30676
18500	12.3627	8.92659	6.25977	4.18772	2.6515	1.58335	0.890356	13.3899	9.38965	6.28159	3.97725	2.37502	6.25977	4.18772	2.6515	5.23466
18600	12.3079	8.86704	6.198	4.12885	2.60097	1.54447	0.863459	13.3006	9.297	6.19328	3.90145	2.3167	6.198	4.12885	2.60097	5.16106
18700	12.2526	8.8067	6.13513	4.06869	2.54914	1.50447	0.835709	13.21	9.2027	6.10303	3.82371	2.2567	6.13513	4.06869	2.54914	5.08586
18800	12.1967	8.74549	6.07108	4.00714	2.49594	1.46328	0.807064	13.1182	9.10661	6.01071	3.74391	2.19492	6.07108	4.00714	2.49594	5.00893
18900	12.1402	8.68333	6.00573	3.94411	2.44127	1.42084	0.777481	13.025	9.00859	5.91617	3.6619	2.13126	6.00573	3.94411	2.44127	4.93014
19000	12.0831	8.62015	5.939	3.8795	2.38505	1.37709	0.746915	12.9302	8.9085	5.81925	3.57758	2.06563	5.939	3.8795	2.38505	4.84937
19100	12.0254	8.55588	5.87079	3.81321	2.32721	1.33196	0.715325	12.8338	8.80618	5.71981	3.49081	1.99794	5.87079	3.81321	2.32721	4.76651
19200	11.9669	8.49043	5.801	3.74514	2.26765	1.28538	0.682666	12.7356	8.7015	5.61771	3.40147	1.92808	5.801	3.74514	2.26765	4.68143
19300	11.9077	8.42373	5.72954	3.6752	2.20629	1.23731	0.648895	12.6356	8.59431	5.51281	3.30943	1.85596	5.72954	3.6752	2.20629	4.594
19400	11.8476	8.3557	5.65631	3.60329	2.14305	1.18766	0.61397	12.5335	8.48446	5.40494	3.21457	1.78148	5.65631	3.60329	2.14305	4.50412
19500	11.7868	8.28627	5.58121	3.52932	2.07784	1.13638	0.577847	12.4294	8.37181	5.29397	3.11675	1.70456	5.58121	3.52932	2.07784	4.41165
19600	11.725	8.21535	5.50414	3.45317	2.01058	1.0834	0.540483	12.323	8.25621	5.17976	3.01587	1.6251	5.50414	3.45317	2.01058	4.31647
19700	11.6698	8.15738	5.44642	3.40003	1.96604	1.04963	0.517308	12.2361	8.16963	5.10005	2.94907	1.57444	5.44642	3.40003	1.96604	4.25004
19800	11.6232	8.11676	5.41455	3.37762	1.95185	1.04149	0.51307	12.1751	8.12183	5.06642	2.92777	1.56224	5.41455	3.37762	1.95185	4.22202
19900	11.5762	8.07569	5.38231	3.35495	1.93752	1.03331	0.508814	12.1135	8.07347	5.03243	2.90628	1.54996	5.38231	3.35495	1.93752	4.19369
20000	11.5289	8.03415	5.34964	3.332	1.92304	1.02505	0.504533	12.0512	8.02446	4.998	2.88456	1.53757	5.34964	3.332	1.92304	4.165
20100	11.4813	7.99211	5.31653	3.30874	1.90839	1.01671	0.500219	11.9882	7.97479	4.96312	2.86258	1.52507	5.31653	3.30874	1.90839	4.13593
20200	11.4333	7.94961	5.28297	3.28518	1.89356	1.00828	0.495868	11.9244	7.92446	4.92776	2.84034	1.51243	5.28297	3.28518	1.89356	4.10647
20300	11.385	7.90666	5.24899	3.2613	1.87854	0.999763	0.491474	11.86	7.87349	4.89194	2.81781	1.49964	5.24899	3.2613	1.87854	4.07662
20400	11.3364	7.86328	5.21459	3.2371	1.86333	0.99114	0.487032	11.7949	7.82188	4.85565	2.795	1.48671	5.21459	3.2371	1.86333	4.04638
20500	11.2876	7.81948	5.17976	3.21259	1.84792	0.982409	0.48254	11.7292	7.76965	4.81888	2.77188	1.47361	5.17976	3.21259	1.84792	4.01574
20600	11.2385	7.77528	5.14453	3.18775	1.83231	0.973564	0.47799	11.6629	7.7168	4.78163	2.74846	1.46035	5.14453	3.18775	1.83231	3.98469
20700	11.1892	7.7307	5.10889	3.16259	1.81647	0.964597	0.473379	11.596	7.66333	4.74389	2.72471	1.4469	5.10889	3.16259	1.81647	3.95324
20800	11.1398	7.68575	5.07285	3.13711	1.80042	0.955502	0.468703	11.5286	7.60927	4.70566	2.70063	1.43325	5.07285	3.13711	1.80042	3.92138
20900	11.0901	7.64045	5.03641	3.11129	1.78414	0.946272	0.463955	11.4607	7.55462	4.66693	2.67621	1.41941	5.03641	3.11129	1.78414	3.88911
21000	11.0403	7.59482	4.99958	3.08513	1.76763	0.9369	0.459132	11.3922	7.49937	4.6277	2.65144	1.40535	4.99958	3.08513	1.76763	3.85642
21100	10.9904	7.54886	4.96237	3.05864	1.75087	0.927379	0.454229	11.3233	7.44356	4.58796	2.62631	1.39107	4.96237	3.05864	1.75087	3.8233
21200	10.9403	7.50261	4.92478	3.03181	1.73387	0.917704	0.449241	11.2539	7.38718	4.54771	2.6008	1.37656	4.92478	3.03181	1.73387	3.78976
21300	10.8902	7.45606	4.88682	3.00463	1.71661	0.907867	0.444163	11.1841	7.33024	4.50695	2.57491	1.3618	4.88682	3.00463	1.71661	3.75579
21400	10.84	7.40925	4.8485	2.97711	1.69908	0.897862	0.438991	11.1139	7.27274	4.46566	2.54862	1.34679	4.8485	2.97711	1.69908	3.72139
21500	10.7897	7.36218	4.80981	2.94924	1.68129	0.887681	0.433719	11.0433	7.21471	4.42385	2.52193	1.33152	4.80981	2.94924	1.68129	3.68655
21600	10.7394	7.31487	4.77076	2.92101	1.66322	0.877318	0.428344	10.9723	7.15615	4.38151	2.49483	1.31598	4.77076	2.92101	1.66322	3.65126
21700	10.6891	7.26735	4.73137	2.89243	1.64487	0.866767	0.42286	10.901	7.09705	4.33864	2.4673	1.30015	4.73137	2.89243	1.64487	3.61553
21800	10.6388	7.21961	4.69163	2.86348	1.62622	0.85602	0.417263	10.8294	7.03745	4.29522	2.43933	1.28403	4.69163	2.86348	1.62622	3.57935
21900	10.5885	7.17169	4.65156	2.83418	1.60728	0.845071	0.411547	10.7575	6.97734	4.25126	2.41092	1.26761	4.65156	2.83418	1.60728	3.54272
22000	10.5383	7.12359	4.61115	2.8045	1.58803	0.833914	0.405709	10.6854	6.91672	4.20676	2.38205	1.25087	4.61115	2.8045	1.58803	3.50563
22100	10.4881	7.07533	4.57041	2.77446	1.56847	0.822541	0.399743	10.613	6.85562	4.16169	2.35271	1.23381	4.57041	2.77446	1.56847	3.46808
22200	10.4381	7.02694	4.52936	2.74405	1.5486	0.810946	0.393645	10.5404	6.79404	4.11607	2.32289	1.21642	4.52936	2.74405	1.5486	3.43006
22300	10.3881	6.97842	4.48799	2.71326	1.52839	0.799122	0.38741	10.4676	6.73198	4.06989	2.29259	1.19868	4.48799	2.71326	1.52839	3.39157
22400	10.3383	6.9298	4.44631	2.68209	1.50786	0.787063	0.381032	10.3947	6.66946	4.02313	2.26179	1.18059	4.44631	2.68209	1.50786	3.35261
22500	10.2887	6.88108	4.40433	2.65054	1.48698	0.774761	0.374509	10.3216	6.60649	3.97581	2.23048	1.16214	4.40433	2.65054	1.48698	3.31317
22600	10.2392	6.83229	4.36205	2.6186	1.46576	0.76221	0.367834	10.2484	6.54307	3.92791	2.19864	1.14332	4.36205	2.6186	1.46576	3.27325
22700	10.1899	6.78345	4.31947	2.58628	1.44419	0.749403	0.361003	10.1752	6.47921	3.87942	2.16628	1.1241	4.31947	2.58628	1.44419	3.23285
22800	10.1409	6.73456	4.27661	2.55356	1.42225	0.736334	0.354012	10.1018	6.41492	3.83035	2.13338	1.1045	4.27661	2.55356	1.42225	3.19196
22900	10.0921	6.68564	4.23348	2.52046	1.39995	0.722996	0.346855	10.0285	6.35022	3.78068	2.09992	1.08449	4.23348	2.52046	1.39995	3.15057
23000	10.0436	6.63672	4.19006	2.48695	1.37727	0.709382	0.339528	9.95508	6.2851	3.73042	2.06591	1.06407	4.19006	2.48695	1.37727	3.10869
23100	9.99533	6.58779	4.14637	2.45304	1.35421	0.695485	0.332025	9.88169	6.21956	3.67955	2.03132	1.04323	4.14637	2.45304	1.35421	3.0663
23200	9.94734	6.53885	4.10239	2.41871	1.33076	0.681296	0.324343	9.80828	6.15359	3.62806	1.99613	1.02195	4.10239	2.41871	1.33076	3.02338
23300	9.89961	6.48988	4.05812	2.38395	1.3069	0.666809	0.316475	9.73483	6.08717	3.57592	1.96035	1.00021	4.05812	2.38395	1.3069	2.97994
23400	9.8521	6.44087	4.01351	2.34874	1.28262	0.652011	0.308415	9.6613	6.02027	3.52311	1.92393	0.978017	4.01351	2.34874	1.28262	2.93593
23500	9.80478	6.39175	3.96855	2.31305	1.25789	0.636888	0.300155	9.58762	5.95282	3.46958	1.88684	0.955333	3.96855	2.31305	1.25789	2.89131
23600	9.7576	6.34249	3.92316	2.27684	1.2327	0.621426	0.291687	9.51373	5.88475	3.41526	1.84905	0.932139	3.92316	2.27684	1.2327	2.84605
23700	9.71053	6.29303	3.87732	2.24007	1.20701	0.605609	0.283003	9.43954	5.81599	3.36011	1.81052	0.908413	3.87732	2.24007	1.20701	2.80009
23800	9.66351	6.24332	3.83098	2.20271	1.18081	0.589422	0.274095	9.36498	5.74647	3.30407	1.77121	0.884133	3.83098	2.20271	1.18081	2.75339
23900	9.61651	6.19332	3.78409	2.16473	1.15406	0.57285	0.264953	9.28998	5.67614	3.2471	1.73109	0.859275	3.78409	2.16473	1.15406	2.70591
24000	9.56948	6.14298	3.73661	2.12608	1.12675	0.555879	0.255571	9.21447	5.60491	3.18913	1.69012	0.833819	3.73661	2.12608	1.12675	2.65761
24100	9.52237	6.09225	3.68848	2.08674	1.09884	0.538493	0.24594	9.13837	5.53272	3.13011	1.64826	0.80774	3.68848	2.08674	1.09884	2.60842
24200	9.47515	6.04107	3.63968	2.04666	1.07032	0.520678	0.236052	9.0616	5.45951	3.06999	1.60548	0.781017	3.63968	2.04666	1.07032	2.55833
24300	9.42777	5.9894	3.59014	2.00582	1.04116	0.502418	0.225898	8.9841	5.38521	3.00873	1.56174	0.753628	3.59014	2.00582	1.04116	2.50727
24400	9.38019	5.9372	3.53983	1.96417	1.01133	0.483699	0.215471	8.90579	5.30975	2.94625	1.517	0.725549	3.53983	1.96417	1.01133	2.45521
24500	9.33236	5.8844	3.48871	1.92168	0.980813	0.464506	0.204762	8.8266	5.23306	2.88252	1.47122	0.696758	3.48871	1.92168	0.980813	2.4021
24600	9.28425	5.83097	3.43672	1.87831	0.949583	0.444823	0.193763	8.74646	5.15508	2.81747	1.42437	0.667234	3.43672	1.87831	0.949583	2.34789
24700	9.2358	5.77685	3.38382	1.83404	0.917613	0.424635	0.182466	8.66528	5.07573	2.75106	1.37642	0.636953	3.38382	1.83404	0.917613	2.29255
24800	9.18698	5.722	3.32996	1.78882	0.884882	0.403929	0.170863	8.583	4.99494	2.68322	1.32732	0.605893	3.32996	1.78882	0.884882	2.23602
24900	9.13773	5.66636	3.27511	1.74261	0.851362	0.382688	0.158945	8.49954	4.91266	2.61392	1.27704	0.574032	3.27511	1.74261	0.851362	2.17827
25000	9.08803	5.60989	3.21921	1.69539	0.817031	0.360898	0.146704	8.41484	4.82882	2.54309	1.22555	0.541347	3.21921	1.69539	0.817031	2.11924
25100	9.03782	5.55254	3.16223	1.64712	0.781864	0.338544	0.134133	8.32881	4.74334	2.47068	1.1728	0.507816	3.16223	1.64712	0.781864	2.0589
25200	9.00289	5.51861	3.13222	1.62371	0.765808	0.328782	0.128824	8.27792	4.69833	2.43557	1.14871	0.493174	3.13222	1.62371	0.765808	2.02964
25300	8.97739	5.49915	3.11885	1.61564	0.761524	0.326774	0.127984	8.24872	4.67828	2.42346	1.14229	0.490162	3.11885	1.61564	0.761524	2.01955
25400	8.95203	5.47983	3.10562	1.60766	0.757296	0.324794	0.127156	8.21975	4.65843	2.41148	1.13594	0.487191	3.10562	1.60766	0.757296	2.00957
25500	8.92676	5.46063	3.0925	1.59976	0.753118	0.322838	0.126339	8.19095	4.63875	2.39964	1.12968	0.484258	3.0925	1.59976	0.753118	1.9997
25600	8.90157	5.44153	3.07948	1.59194	0.748983	0.320905	0.125532	8.1623	4.61922	2.3879	1.12348	0.481357	3.07948	1.59194	0.748983	1.98992
25700	8.87641	5.4225	3.06653	1.58417	0.744887	0.318991	0.124734	8.13375	4.5998	2.37626	1.11733	0.478487	3.06653	1.58417	0.744887	1.98022
25800	8.85126	5.40351	3.05365	1.57646	0.740822	0.317095	0.123943	8.10526	4.58047	2.36469	1.11123	0.475642	3.05365	1.57646	0.740822	1.97057
25900	8.8261	5.38454	3.0408	1.56879	0.736784	0.315212	0.123159	8.07681	4.5612	2.35318	1.10518	0.472818	3.0408	1.56879	0.736784	1.96098
26000	8.80089	5.36555	3.02798	1.56114	0.732767	0.313341	0.12238	8.04833	4.54197	2.34171	1.09915	0.470012	3.02798	1.56114	0.732767	1.95142
26100	8.7756	5.34654	3.01516	1.55351	0.728765	0.31148	0.121606	8.0198	4.52273	2.33026	1.09315	0.46722	3.01516	1.55351	0.728765	1.94189
26200	8.75021	5.32745	3.00232	1.54588	0.724772	0.309625	0.120835	7.99118	4.50348	2.31883	1.08716	0.464437	3.00232	1.54588	0.724772	1.93236
26300	8.72469	5.30828	2.98944	1.53825	0.720782	0.307773	0.120066	7.96243	4.48417	2.30738	1.08117	0.46166	2.98944	1.53825	0.720782	1.92282
26400	8.699	5.289	2.97652	1.53061	0.71679	0.305923	0.119299	7.9335	4.46478	2.29591	1.07519	0.458884	2.97652	1.53061	0.71679	1.91326
26500	8.67313	5.26957	2.96352	1.52293	0.712789	0.304071	0.118531	7.90436	4.44527	2.28439	1.06918	0.456107	2.96352	1.52293	0.712789	1.90366
26600	8.64703	5.24998	2.95042	1.51521	0.708774	0.302215	0.117763	7.87497	4.42564	2.27282	1.06316	0.453323	2.95042	1.51521	0.708774	1.89402
26700	8.62068	5.2302	2.93722	1.50745	0.70474	0.300353	0.116993	7.84529	4.40583	2.26117	1.05711	0.450529	2.93722	1.50745	0.70474	1.88431
26800	8.59406	5.21019	2.92389	1.49962	0.700679	0.298481	0.11622	7.81528	4.38584	2.24943	1.05102	0.447721	2.92389	1.49962	0.700679	1.87452
26900	8.56713	5.18994	2.91041	1.49171	0.696587	0.296597	0.115442	7.78491	4.36562	2.23757	1.04488	0.444895	2.91041	1.49171	0.696587	1.86464
27000	8.53986	5.16941	2.89676	1.48373	0.692458	0.294698	0.114659	7.75412	4.34515	2.22559	1.03869	0.442047	2.89676	1.48373	0.692458	1.85466
27100	8.51223	5.14859	2.88293	1.47564	0.688286	0.292782	0.11387	7.72289	4.3244	2.21347	1.03243	0.439173	2.88293	1.47564	0.688286	1.84455
27200	8.48423	5.12746	2.8689	1.46745	0.684065	0.290847	0.113074	7.69119	4.30335	2.20118	1.0261	0.43627	2.8689	1.46745	0.684065	1.83432
27300	8.45582	5.10598	2.85465	1.45915	0.67979	0.288888	0.112269	7.65897	4.28198	2.18872	1.01968	0.433333	2.85465	1.45915	0.67979	1.82394
27400	8.42699	5.08415	2.84017	1.45072	0.675456	0.286905	0.111454	7.62622	4.26025	2.17608	1.01318	0.430358	2.84017	1.45072	0.675456	1.8134
27500	8.39772	5.06194	2.82544	1.44215	0.671056	0.284894	0.110629	7.59291	4.23815	2.16322	1.00658	0.427341	2.82544	1.44215	0.671056	1.80269
27600	8.368	5.03932	2.81044	1.43343	0.666585	0.282853	0.109793	7.55899	4.21565	2.15015	0.999878	0.42428	2.81044	1.43343	0.666585	1.79179
27700	8.33781	5.0163	2.79516	1.42456	0.66204	0.28078	0.108944	7.52446	4.19274	2.13684	0.99306	0.421171	2.79516	1.42456	0.66204	1.7807
27800	8.30716	4.99287	2.77961	1.41553	0.657417	0.278674	0.108082	7.48931	4.16941	2.1233	0.986126	0.41801	2.77961	1.41553	0.657417	1.76941
27900	8.27607	4.96904	2.76377	1.40634	0.652715	0.276532	0.107205	7.45356	4.14565	2.10951	0.979072	0.414797	2.76377	1.40634	0.652715	1.75793
28000	8.24452	4.94479	2.74765	1.39698	0.647929	0.274353	0.106315	7.41719	4.12147	2.09548	0.971894	0.411529	2.74765	1.39698	0.647929	1.74623
28100	8.21253	4.92014	2.73124	1.38746	0.643058	0.272136	0.105408	7.38021	4.09686	2.08119	0.964587	0.408204	2.73124	1.38746	0.643058	1.73433
28200	8.18011	4.89508	2.71454	1.37776	0.638099	0.269879	0.104486	7.34262	4.07181	2.06665	0.957148	0.404818	2.71454	1.37776	0.638099	1.7222
28300	8.14725	4.86961	2.69755	1.36789	0.633048	0.26758	0.103547	7.30442	4.04632	2.05184	0.949573	0.401371	2.69755	1.36789	0.633048	1.70986
28400	8.11397	4.84374	2.68025	1.35784	0.627904	0.265239	0.10259	7.26561	4.02038	2.03676	0.941856	0.397859	2.68025	1.35784	0.627904	1.6973
28500	8.08027	4.81746	2.66266	1.3476	0.622664	0.262853	0.101615	7.22619	3.99399	2.0214	0.933996	0.39428	2.66266	1.3476	0.622664	1.6845
28600	8.04616	4.79077	2.64477	1.33718	0.617324	0.260421	0.10062	7.18615	3.96715	2.00577	0.925986	0.390632	2.64477	1.33718	0.617324	1.67147
28700	8.01163	4.76368	2.62656	1.32656	0.611883	0.257941	0.099606	7.14551	3.93985	1.98984	0.917824	0.386912	2.62656	1.32656	0.611883	1.6582
28800	7.9767	4.73617	2.60805	1.31575	0.606337	0.255413	0.0985712	7.10426	3.91208	1.97363	0.909505	0.383119	2.60805	1.31575	0.606337	1.64469
28900	7.94137	4.70827	2.58923	1.30475	0.600683	0.252833	0.0975151	7.0624	3.88384	1.95712	0.901025	0.37925	2.58923	1.30475	0.600683	1.63093
29000	7.90565	4.67996	2.57009	1.29354	0.59492	0.250201	0.096437	7.01993	3.85513	1.9403	0.89238	0.375302	2.57009	1.29354	0.59492	1.61692
29100	7.86954	4.65124	2.55062	1.28212	0.589044	0.247515	0.0953362	6.97686	3.82594	1.92318	0.883565	0.371273	2.55062	1.28212	0.589044	1.60265
29200	7.83305	4.62211	2.53084	1.27049	0.583052	0.244774	0.0942118	6.93317	3.79626	1.90574	0.874578	0.367162	2.53084	1.27049	0.583052	1.58812
29300	7.79618	4.59259	2.51073	1.25866	0.576942	0.241976	0.0930631	6.88888	3.7661	1.88798	0.865413	0.362965	2.51073	1.25866	0.576942	1.57332
29400	7.75894	4.56266	2.49029	1.2466	0.570711	0.23912	0.0918895	6.84398	3.73544	1.8699	0.856067	0.35868	2.49029	1.2466	0.570711	1.55825
29500	7.72133	4.53232	2.46952	1.23433	0.564357	0.236203	0.0906902	6.79848	3.70428	1.85149	0.846535	0.354305	2.46952	1.23433	0.564357	1.54291
29600	7.68336	4.50158	2.44842	1.22183	0.557876	0.233225	0.0894644	6.75236	3.67263	1.83274	0.836814	0.349838	2.44842	1.22183	0.557876	1.52728
29700	7.64504	4.47043	2.42698	1.2091	0.551266	0.230184	0.0882114	6.70564	3.64046	1.81365	0.8269	0.345275	2.42698	1.2091	0.551266	1.51137
29800	7.60637	4.43888	2.40519	1.19614	0.544525	0.227078	0.0869305	6.65832	3.60778	1.79421	0.816787	0.340616	2.40519	1.19614	0.544525	1.49517
29900	7.56735	4.40693	2.38306	1.18295	0.537649	0.223905	0.0856209	6.61039	3.57459	1.77442	0.806473	0.335858	2.38306	1.18295	0.537649	1.47868
30000	7.52799	4.37457	2.36058	1.16951	0.530635	0.220665	0.084282	6.56186	3.54088	1.75427	0.795953	0.330998	2.36058	1.16951	0.530635	1.46189
30100	7.48829	4.34181	2.33776	1.15584	0.523482	0.217356	0.0829129	6.51271	3.50664	1.73376	0.785223	0.326033	2.33776	1.15584	0.523482	1.4448
30200	7.44827	4.30865	2.31458	1.14192	0.516186	0.213975	0.0815129	6.46297	3.47186	1.71287	0.774279	0.320963	2.31458	1.14192	0.516186	1.42739
30300	7.40793	4.27508	2.29104	1.12774	0.508745	0.210522	0.0800814	6.41262	3.43655	1.69162	0.763117	0.315784	2.29104	1.12774	0.508745	1.40968
30400	7.36727	4.24111	2.26714	1.11332	0.501155	0.206995	0.0786175	6.36167	3.40071	1.66998	0.751733	0.310493	2.26714	1.11332	0.501155	1.39165
30500	7.32629	4.20674	2.24288	1.09864	0.493415	0.203393	0.0771205	6.31011	3.36431	1.64795	0.740122	0.30509	2.24288	1.09864	0.493415	1.37329
30600	7.28501	4.17197	2.21825	1.08369	0.485521	0.199714	0.0755897	6.25795	3.32737	1.62554	0.728282	0.29957	2.21825	1.08369	0.485521	1.35461
30700	7.24343	4.13679	2.19325	1.06848	0.477471	0.195955	0.0740244	6.20519	3.28987	1.60273	0.716206	0.293933	2.19325	1.06848	0.477471	1.3356
30800	7.20155	4.10121	2.16788	1.05301	0.469262	0.192117	0.0724238	6.15182	3.25182	1.57951	0.703893	0.288175	2.16788	1.05301	0.469262	1.31626
30900	7.15937	4.06524	2.14213	1.03726	0.460891	0.188197	0.0707871	6.09785	3.2132	1.55589	0.691336	0.282295	2.14213	1.03726	0.460891	1.29657
31000	7.11692	4.02886	2.11601	1.02123	0.452356	0.184193	0.0691138	6.04328	3.17401	1.53185	0.678534	0.27629	2.11601	1.02123	0.452356	1.27654
31100	7.07418	3.99207	2.0895	1.00493	0.443653	0.180105	0.0674029	5.98811	3.13425	1.50739	0.66548	0.270157	2.0895	1.00493	0.443653	1.25616
31200	7.03117	3.95489	2.06261	0.988342	0.434781	0.17593	0.0656538	5.93234	3.09391	1.48251	0.652171	0.263895	2.06261	0.988342	0.434781	1.23543
31300	6.98789	3.91731	2.03532	0.971468	0.425736	0.171667	0.0638657	5.87596	3.05298	1.4572	0.638604	0.257501	2.03532	0.971468	0.425736	1.21433
31400	6.94434	3.87933	2.00765	0.954303	0.416516	0.167315	0.062038	5.81899	3.01147	1.43145	0.624774	0.250972	2.00765	0.954303	0.416516	1.19288
31500	6.90054	3.84094	1.97958	0.936844	0.407117	0.162872	0.0601698	5.76141	2.96937	1.40527	0.610676	0.244307	1.97958	0.936844	0.407117	1.17105
31600	6.85648	3.80216	1.95111	0.919088	0.397538	0.158336	0.0582604	5.70324	2.92667	1.37863	0.596308	0.237503	1.95111	0.919088	0.397538	1.14886
31700	6.81218	3.76298	1.92225	0.901029	0.387776	0.153705	0.0563092	5.64446	2.88337	1.35154	0.581664	0.230558	1.92225	0.901029	0.387776	1.12629
31800	6.76763	3.72339	1.89298	0.882666	0.377827	0.148979	0.0543153	5.58509	2.83947	1.324	0.566741	0.223469	1.89298	0.882666	0.377827	1.10333
31900	6.72285	3.68341	1.8633	0.863993	0.36769	0.144156	0.052278	5.52512	2.79495	1.29599	0.551534	0.216234	1.8633	0.863993	0.36769	1.07999
32000	6.67783	3.64303	1.83321	0.845008	0.35736	0.139234	0.0501966	5.46455	2.74981	1.26751	0.536041	0.208851	1.83321	0.845008	0.35736	1.05626
32100	6.63259	3.60225	1.80271	0.825707	0.346837	0.134212	0.0480704	5.40337	2.70406	1.23856	0.520255	0.201318	1.80271	0.825707	0.346837	1.03213
32200	6.58712	3.56107	1.77179	0.806085	0.336116	0.129087	0.0458986	5.34161	2.65768	1.20913	0.504174	0.193631	1.77179	0.806085	0.336116	1.00761
32300	6.54143	3.51948	1.74044	0.786137	0.325194	0.123859	0.0436803	5.27923	2.61066	1.17921	0.487791	0.185789	1.74044	0.786137	0.325194	0.982671
32400	6.49551	3.47748	1.70866	0.765854	0.314067	0.118525	0.0414146	5.21622	2.56299	1.14878	0.4711	0.177787	1.70866	0.765854	0.314067	0.957318
32500	6.44933	3.43504	1.67643	0.74523	0.30273	0.113082	0.0391006	5.15256	2.51465	1.11784	0.454095	0.169623	1.67643	0.74523	0.30273	0.931537
32600	6.40291	3.39215	1.64374	0.724256	0.291178	0.107529	0.0367374	5.08823	2.46561	1.08638	0.436768	0.161294	1.64374	0.724256	0.291178	0.90532
32700	6.35621	3.34881	1.61058	0.702924	0.279408	0.101863	0.034324	5.02322	2.41587	1.05439	0.419112	0.152795	1.61058	0.702924	0.279408	0.878655
32800	6.30925	3.305	1.57694	0.681227	0.267415	0.096083	0.0318595	4.9575	2.36541	1.02184	0.401123	0.144124	1.57694	0.681227	0.267415	0.851534
32900	6.26199	3.26071	1.54281	0.659157	0.255194	0.0901856	0.0293429	4.89106	2.31421	0.988735	0.382792	0.135278	1.54281	0.659157	0.255194	0.823946
33000	6.21444	3.21591	1.50817	0.636706	0.242742	0.0841692	0.0267734	4.82387	2.26226	0.955059	0.364113	0.126254	1.50817	0.636706	0.242742	0.795883
33100	6.16657	3.17062	1.47302	0.613867	0.230053	0.0780315	0.02415	4.75593	2.20953	0.920801	0.345079	0.117047	1.47302	0.613867	0.230053	0.767334
33200	6.11839	3.1248	1.43734	0.590632	0.217123	0.0717704	0.0214718	4.6872	2.15602	0.885948	0.325684	0.107656	1.43734	0.590632	0.217123	0.73829
33300	6.09033	3.10224	1.4219	0.581503	0.212393	0.0695971	0.020577	4.65336	2.13286	0.872255	0.318589	0.104396	1.4219	0.581503	0.212393	0.726879
33400	6.07113	3.08985	1.41527	0.578496	0.211216	0.0691931	0.0204537	4.63477	2.1229	0.867744	0.316825	0.10379	1.41527	0.578496	0.211216	0.72312
33500	6.05224	3.07767	1.40875	0.57554	0.21006	0.068796	0.0203325	4.61651	2.11313	0.863311	0.31509	0.103194	1.40875	0.57554	0.21006	0.719426
33600	6.03366	3.0657	1.40234	0.572635	0.208923	0.0684055	0.0202133	4.59856	2.10351	0.858953	0.313384	0.102608	1.40234	0.572635	0.208923	0.715794
33700	6.0154	3.05395	1.39605	0.56978	0.207805	0.0680215	0.0200961	4.58092	2.09407	0.854671	0.311707	0.102032	1.39605	0.56978	0.207805	0.712225
33800	5.99744	3.0424	1.38986	0.566974	0.206706	0.0676439	0.0199807	4.5636	2.08479	0.850461	0.310059	0.101466	1.38986	0.566974	0.206706	0.708718
33900	5.97979	3.03105	1.38379	0.564215	0.205625	0.0672723	0.0198672	4.54658	2.07568	0.846323	0.308437	0.100908	1.38379	0.564215	0.205625	0.705269
34000	5.96242	3.0199	1.37781	0.561502	0.204561	0.0669067	0.0197555	4.52985	2.06671	0.842253	0.306842	0.10036	1.37781	0.561502	0.204561	0.701878
34100	5.94534	3.00894	1.37194	0.558834	0.203515	0.0665469	0.0196456	4.51341	2.0579	0.83825	0.305272	0.0998203	1.37194	0.558834	0.203515	0.698542
34200	5.92854	2.99816	1.36616	0.556208	0.202485	0.0661925	0.0195372	4.49725	2.04924	0.834312	0.303727	0.0992888	1.36616	0.556208	0.202485	0.69526
34300	5.912	2.98756	1.36047	0.553624	0.201471	0.0658435	0.0194305	4.48135	2.04071	0.830435	0.302206	0.0987653	1.36047	0.553624	0.201471	0.692029
34400	5.89571	2.97713	1.35488	0.551079	0.200472	0.0654996	0.0193254	4.4657	2.03232	0.826619	0.300708	0.0982495	1.35488	0.551079	0.200472	0.688849
34500	5.87967	2.96687	1.34937	0.548573	0.199487	0.0651607	0.0192217	4.4503	2.02406	0.822859	0.299231	0.097741	1.34937	0.548573	0.199487	0.685716
34600	5.86386	2.95676	1.34395	0.546104	0.198517	0.0648264	0.0191194	4.43515	2.01592	0.819155	0.297776	0.0972397	1.34395	0.546104	0.198517	0.68263
34700	5.84829	2.94681	1.33861	0.54367	0.19756	0.0644967	0.0190185	4.42022	2.00791	0.815504	0.29634	0.0967451	1.33861	0.54367	0.19756	0.679587
34800	5.83293	2.937	1.33334	0.541269	0.196616	0.0641714	0.0189189	4.40551	2.00001	0.811904	0.294924	0.096257	1.33334	0.541269	0.196616	0.676587
34900	5.81779	2.92734	1.32815	0.538902	0.195685	0.0638501	0.0188205	4.39101	1.99222	0.808352	0.293527	0.0957751	1.32815	0.538902	0.195685	0.673627
35000	5.80285	2.91781	1.32302	0.536564	0.194765	0.0635327	0.0187233	4.37671	1.98454	0.804847	0.292147	0.0952991	1.32302	0.536564	0.194765	0.670705
35100	5.7881	2.9084	1.31797	0.534257	0.193856	0.0632191	0.0186272	4.36261	1.97695	0.801385	0.290784	0.0948287	1.31797	0.534257	0.193856	0.667821
35200	5.77353	2.89912	1.31298	0.531976	0.192958	0.062909	0.0185322	4.34868	1.96946	0.797965	0.289436	0.0943635	1.31298	0.531976	0.192958	0.664971
35300	5.75914	2.88996	1.30804	0.529723	0.192069	0.0626022	0.0184381	4.33494	1.96206	0.794584	0.288104	0.0939033	1.30804	0.529723	0.192069	0.662153
35400	5.74492	2.8809	1.30317	0.527494	0.19119	0.0622986	0.018345	4.32135	1.95475	0.79124	0.286785	0.0934478	1.30317	0.527494	0.19119	0.659367
35500	5.73086	2.87195	1.29835	0.525288	0.19032	0.0619978	0.0182528	4.30793	1.94752	0.787932	0.28548	0.0929967	1.29835	0.525288	0.19032	0.65661
35600	5.71694	2.8631	1.29357	0.523104	0.189458	0.0616998	0.0181613	4.29465	1.94036	0.784655	0.284187	0.0925497	1.29357	0.523104	0.189458	0.65388
35700	5.70317	2.85433	1.28885	0.52094	0.188603	0.0614043	0.0180706	4.2815	1.93327	0.78141	0.282905	0.0921064	1.28885	0.52094	0.188603	0.651175
35800	5.68953	2.84566	1.28417	0.518795	0.187755	0.061111	0.0179806	4.26849	1.92625	0.778192	0.281633	0.0916666	1.28417	0.518795	0.187755	0.648493
35900	5.67602	2.83706	1.27953	0.516667	0.186914	0.0608199	0.0178913	4.25559	1.91929	0.775	0.280371	0.0912299	1.27953	0.516667	0.186914	0.645833
36000	5.66262	2.82854	1.27492	0.514554	0.186079	0.0605308	0.0178025	4.2428	1.91238	0.771831	0.279118	0.0907961	1.27492	0.514554	0.186079	0.643193
36100	5.64933	2.82008	1.27035	0.512456	0.185249	0.0602433	0.0177142	4.23012	1.90553	0.768684	0.277873	0.0903649	1.27035	0.512456	0.185249	0.64057
36200	5.63613	2.81168	1.26581	0.510371	0.184423	0.0599573	0.0176263	4.21752	1.89872	0.765556	0.276635	0.089936	1.26581	0.510371	0.184423	0.637963
36300	5.62303	2.80334	1.2613	0.508296	0.183602	0.0596726	0.0175388	4.20501	1.89195	0.762444	0.275403	0.089509	1.2613	0.508296	0.183602	0.63537
36400	5.61	2.79505	1.25681	0.506231	0.182784	0.0593891	0.0174516	4.19257	1.88521	0.759347	0.274176	0.0890836	1.25681	0.506231	0.182784	0.632789
36500	5.59705	2.7868	1.25234	0.504175	0.181969	0.0591064	0.0173647	4.1802	1.87851	0.756262	0.272953	0.0886596	1.25234	0.504175	0.181969	0.630219
36600	5.58416	2.77858	1.24788	0.502125	0.181156	0.0588245	0.017278	4.16788	1.87183	0.753187	0.271734	0.0882367	1.24788	0.502125	0.181156	0.627656
36700	5.57133	2.7704	1.24344	0.50008	0.180345	0.058543	0.0171915	4.1556	1.86517	0.75012	0.270517	0.0878146	1.24344	0.50008	0.180345	0.6251
36800	5.55854	2.76224	1.23901	0.498039	0.179535	0.0582619	0.017105	4.14336	1.85852	0.747058	0.269302	0.0873928	1.23901	0.498039	0.179535	0.622548
36900	5.54579	2.7541	1.23459	0.495999	0.178725	0.0579809	0.0170185	4.13115	1.85189	0.743999	0.268088	0.0869713	1.23459	0.495999	0.178725	0.619999
37000	5.53307	2.74597	1.23017	0.493961	0.177915	0.0576997	0.016932	4.11896	1.84526	0.740941	0.266873	0.0865496	1.23017	0.493961	0.177915	0.617451
37100	5.52037	2.73785	1.22575	0.491921	0.177105	0.0574183	0.0168453	4.10678	1.83863	0.737882	0.265658	0.0861274	1.22575	0.491921	0.177105	0.614902
37200	5.50769	2.72973	1.22133	0.489879	0.176294	0.0571363	0.0167585	4.09459	1.832	0.734819	0.26444	0.0857045	1.22133	0.489879	0.176294	0.612349
37300	5.495	2.7216	1.2169	0.487833	0.17548	0.0568537	0.0166715	4.0824	1.82536	0.73175	0.26322	0.0852805	1.2169	0.487833	0.17548	0.609792
37400	5.48231	2.71346	1.21246	0.485782	0.174664	0.0565701	0.0165841	4.07019	1.8187	0.728673	0.261997	0.0848552	1.21246	0.485782	0.174664	0.607227
37500	5.4696	2.7053	1.20801	0.483723	0.173846	0.0562855	0.0164965	4.05795	1.81202	0.725585	0.260768	0.0844282	1.20801	0.483723	0.173846	0.604654
37600	5.45688	2.69711	1.20355	0.481656	0.173023	0.0559995	0.0164084	4.04567	1.80532	0.722484	0.259535	0.0839992	1.20355	0.481656	0.173023	0.60207
37700	5.44412	2.6889	1.19906	0.479579	0.172197	0.055712	0.0163198	4.03335	1.79859	0.719369	0.258295	0.083568	1.19906	0.479579	0.172197	0.599474
37800	5.43131	2.68065	1.19455	0.477491	0.171365	0.0554229	0.0162307	4.02097	1.79182	0.716236	0.257048	0.0831343	1.19455	0.477491	0.171365	0.596864
37900	5.41847	2.67235	1.19001	0.475389	0.170528	0.0551318	0.016141	4.00853	1.78501	0.713084	0.255792	0.0826976	1.19001	0.475389	0.170528	0.594237
38000	5.40556	2.66401	1.18544	0.473273	0.169685	0.0548386	0.0160507	3.99601	1.77816	0.70991	0.254528	0.0822578	1.18544	0.473273	0.169685	0.591592
38100	5.39259	2.65561	1.18084	0.471141	0.168836	0.054543	0.0159596	3.98341	1.77126	0.706712	0.253254	0.0818146	1.18084	0.471141	0.168836	0.588927
38200	5.37954	2.64715	1.1762	0.468992	0.16798	0.054245	0.0158677	3.97072	1.76431	0.703487	0.25197	0.0813675	1.1762	0.468992	0.16798	0.58624
38300	5.36641	2.63862	1.17153	0.466823	0.167116	0.0539443	0.015775	3.95793	1.75729	0.700234	0.250673	0.0809164	1.17153	0.466823	0.167116	0.583529
38400	5.35318	2.63002	1.16681	0.464633	0.166243	0.0536406	0.0156814	3.94503	1.75021	0.69695	0.249365	0.0804609	1.16681	0.464633	0.166243	0.580792
38500	5.33986	2.62134	1.16204	0.462422	0.165362	0.0533339	0.0155869	3.93201	1.74306	0.693633	0.248043	0.0800008	1.16204	0.462422	0.165362	0.578028
38600	5.32643	2.61257	1.15723	0.460187	0.164471	0.0530238	0.0154913	3.91886	1.73584	0.690281	0.246706	0.0795357	1.15723	0.460187	0.164471	0.575234
38700	5.31288	2.60371	1.15236	0.457927	0.16357	0.0527102	0.0153946	3.90557	1.72853	0.68689	0.245355	0.0790653	1.15236	0.457927	0.16357	0.572409
38800	5.2992	2.59476	1.14743	0.45564	0.162658	0.0523928	0.0152968	3.89214	1.72115	0.68346	0.243987	0.0785893	1.14743	0.45564	0.162658	0.56955
38900	5.28538	2.5857	1.14245	0.453325	0.161735	0.0520716	0.0151978	3.87855	1.71367	0.679988	0.242603	0.0781074	1.14245	0.453325	0.161735	0.566657
39000	5.27142	2.57653	1.1374	0.450981	0.160801	0.0517462	0.0150975	3.86479	1.70609	0.676471	0.241201	0.0776194	1.1374	0.450981	0.160801	0.563726
39100	5.25732	2.56724	1.13228	0.448605	0.159854	0.0514165	0.0149959	3.85086	1.69842	0.672907	0.23978	0.0771248	1.13228	0.448605	0.159854	0.560756
39200	5.24304	2.55783	1.1271	0.446197	0.158893	0.0510823	0.0148928	3.83675	1.69064	0.669295	0.23834	0.0766235	1.1271	0.446197	0.158893	0.557746
39300	5.2286	2.54829	1.12184	0.443754	0.157919	0.0507434	0.0147884	3.82244	1.68276	0.665631	0.236879	0.0761151	1.12184	0.443754	0.157919	0.554693
39400	5.21398	2.53862	1.1165	0.441276	0.156932	0.0503995	0.0146824	3.80793	1.67476	0.661914	0.235397	0.0755993	1.1165	0.441276	0.156932	0.551595
39500	5.19917	2.52881	1.11109	0.43876	0.155929	0.0500505	0.0145749	3.79321	1.66664	0.658141	0.233893	0.0750758	1.11109	0.43876	0.155929	0.54845
39600	5.18417	2.51885	1.10559	0.436206	0.154911	0.0496962	0.0144657	3.77827	1.65839	0.654309	0.232366	0.0745444	1.10559	0.436206	0.154911	0.545258
39700	5.16896	2.50874	1.10001	0.433612	0.153876	0.0493364	0.0143548	3.7631	1.65001	0.650418	0.230815	0.0740046	1.10001	0.433612	0.153876	0.542015
39800	5.15354	2.49846	1.09434	0.430976	0.152826	0.0489708	0.0142421	3.7477	1.6415	0.646463	0.229239	0.0734562	1.09434	0.430976	0.152826	0.53872
39900	5.13789	2.48803	1.08857	0.428296	0.151758	0.0485993	0.0141277	3.73204	1.63285	0.642444	0.227637	0.072899	1.08857	0.428296	0.151758	0.53537
40000	5.12202	2.47742	1.0827	0.425572	0.150672	0.0482217	0.0140113	3.71612	1.62406	0.638358	0.226009	0.0723325	1.0827	0.425572	0.150672	0.531965
40100	5.1059	2.46663	1.07674	0.422802	0.149568	0.0478377	0.013893	3.69995	1.61511	0.634203	0.224353	0.0717566	1.07674	0.422802	0.149568	0.528502
40200	5.08953	2.45566	1.07068	0.419984	0.148446	0.0474472	0.0137728	3.68349	1.60601	0.629975	0.222668	0.0711708	1.07068	0.419984	0.148446	0.524979
40300	5.0729	2.4445	1.0645	0.417116	0.147303	0.04705	0.0136504	3.66675	1.59675	0.625674	0.220955	0.070575	1.0645	0.417116	0.147303	0.521395
40400	5.056	2.43314	1.05822	0.414198	0.146141	0.0466458	0.0135259	3.64972	1.58733	0.621297	0.219211	0.0699687	1.05822	0.414198	0.146141	0.517747
40500	5.03882	2.42159	1.05182	0.411227	0.144958	0.0462345	0.0133993	3.63238	1.57774	0.616841	0.217437	0.0693518	1.05182	0.411227	0.144958	0.514034
40600	5.02137	2.40982	1.04531	0.408203	0.143754	0.0458159	0.0132704	3.61473	1.56797	0.612305	0.215631	0.0687238	1.04531	0.408203	0.143754	0.510254
40700	5.00363	2.39785	1.03869	0.405125	0.142528	0.0453898	0.0131392	3.59678	1.55803	0.607687	0.213792	0.0680847	1.03869	0.405125	0.142528	0.506406
40800	4.9856	2.38567	1.03194	0.401991	0.14128	0.0449561	0.0130057	3.57851	1.54791	0.602987	0.21192	0.0674341	1.03194	0.401991	0.14128	0.502489
40900	4.96728	2.37328	1.02507	0.398802	0.14001	0.0445146	0.0128697	3.55992	1.53761	0.598203	0.210015	0.0667719	1.02507	0.398802	0.14001	0.498502
41000	4.94867	2.36067	1.01808	0.395555	0.138717	0.0440651	0.0127314	3.54101	1.52713	0.593332	0.208076	0.0660977	1.01808	0.395555	0.138717	0.494444
41100	4.92977	2.34785	1.01097	0.39225	0.137401	0.0436076	0.0125905	3.52177	1.51646	0.588375	0.206101	0.0654114	1.01097	0.39225	0.137401	0.490312
41200	4.91057	2.3348	1.00373	0.388886	0.136061	0.0431418	0.012447	3.50221	1.5056	0.583329	0.204092	0.0647127	1.00373	0.388886	0.136061	0.486108
41300	4.89108	2.32154	0.996371	0.385462	0.134697	0.0426675	0.012301	3.48231	1.49456	0.578194	0.202046	0.0640013	0.996371	0.385462	0.134697	0.481828
41400	4.87128	2.30805	0.988878	0.381978	0.133309	0.0421847	0.0121523	3.46208	1.48332	0.572967	0.199963	0.063277	0.988878	0.381978	0.133309	0.477472
41500	4.85118	2.29434	0.981256	0.378431	0.131895	0.0416931	0.0120009	3.44151	1.47188	0.567647	0.197843	0.0625397	0.981256	0.378431	0.131895	0.473039
41600	4.83078	2.2804	0.973502	0.374822	0.130456	0.0411926	0.0118467	3.4206	1.46025	0.562233	0.195685	0.0617889	0.973502	0.374822	0.130456	0.468528
41700	4.81007	2.26623	0.965614	0.37115	0.128992	0.040683	0.0116897	3.39934	1.44842	0.556724	0.193488	0.0610245	0.965614	0.37115	0.128992	0.463937
41800	4.78904	2.25183	0.957591	0.367412	0.127501	0.0401642	0.0115299	3.37774	1.43639	0.551118	0.191251	0.0602463	0.957591	0.367412	0.127501	0.459265
41900	4.76771	2.23719	0.949432	0.363609	0.125983	0.039636	0.0113671	3.35578	1.42415	0.545414	0.188975	0.0594541	0.949432	0.363609	0.125983	0.454512
42000	4.74606	2.22231	0.941134	0.35974	0.124439	0.0390983	0.0112014	3.33347	1.4117	0.53961	0.186659	0.0586475	0.941134	0.35974	0.124439	0.449675
42100	4.7241	2.2072	0.932696	0.355803	0.122867	0.0385509	0.0110326	3.3108	1.39904	0.533705	0.184301	0.0578263	0.932696	0.355803	0.122867	0.444754
42200	4.70181	2.19184	0.924117	0.351798	0.121267	0.0379935	0.0108607	3.28777	1.38617	0.527697	0.181901	0.0569903	0.924117	0.351798	0.121267	0.439748
42300	4.67921	2.17625	0.915393	0.347724	0.119639	0.0374262	0.0106858	3.26437	1.37309	0.521586	0.179459	0.0561393	0.915393	0.347724	0.119639	0.434655
42400	4.65628	2.1604	0.906525	0.34358	0.117982	0.0368486	0.0105076	3.2406	1.35979	0.515369	0.176973	0.055273	0.906525	0.34358	0.117982	0.429474
42500	4.63302	2.14431	0.897511	0.339364	0.116296	0.0362608	0.0103262	3.21646	1.34627	0.509046	0.174444	0.0543911	0.897511	0.339364	0.116296	0.424205
42600	4.60944	2.12797	0.888348	0.335076	0.11458	0.0356624	0.0101415	3.19195	1.33252	0.502615	0.171871	0.0534935	0.888348	0.335076	0.11458	0.418846
42700	4.58553	2.11137	0.879035	0.330716	0.112835	0.0350533	0.0099535	3.16706	1.31855	0.496074	0.169252	0.0525799	0.879035	0.330716	0.112835	0.413395
42800	4.56128	2.09452	0.86957	0.326282	0.111059	0.0344334	0.0097621	3.14178	1.30435	0.489422	0.166588	0.05165	0.86957	0.326282	0.111059	0.407852
42900	4.5367	2.07741	0.859952	0.321772	0.109252	0.0338025	0.00956725	3.11612	1.28993	0.482658	0.163877	0.0507037	0.859952	0.321772	0.109252	0.402215
43000	4.51178	2.06005	0.850179	0.317187	0.107413	0.0331604	0.0093689	3.09007	1.27527	0.475781	0.16112	0.0497406	0.850179	0.317187	0.107413	0.396484
43100	4.48652	2.04242	0.84025	0.312525	0.105543	0.032507	0.00916701	3.06363	1.26038	0.468788	0.158315	0.0487606	0.84025	0.312525	0.105543	0.390657
43200	4.46091	2.02453	0.830162	0.307786	0.103641	0.0318422	0.00896151	3.0368	1.24524	0.461679	0.155462	0.0477633	0.830162	0.307786	0.103641	0.384732
43300	4.43497	2.00637	0.819914	0.302968	0.101707	0.0311657	0.00875237	3.00956	1.22987	0.454452	0.15256	0.0467486	0.819914	0.302968	0.101707	0.37871
43400	4.40867	1.98795	0.809505	0.298071	0.0997389	0.0304775	0.00853952	2.98192	1.21426	0.447106	0.149608	0.0457162	0.809505	0.298071	0.0997389	0.372588
43500	4.38203	1.96925	0.798933	0.293093	0.0977379	0.0297772	0.00832291	2.95388	1.1984	0.439639	0.146607	0.0446659	0.798933	0.293093	0.0977379	0.366366
43600	4.35504	1.95029	0.788196	0.288033	0.0957031	0.0290649	0.0081025	2.92543	1.18229	0.43205	0.143555	0.0435974	0.788196	0.288033	0.0957031	0.360042
43700	4.3277	1.93104	0.777292	0.282892	0.0936341	0.0283403	0.00787822	2.89657	1.16594	0.424338	0.140451	0.0425105	0.777292	0.282892	0.0936341	0.353615
43800	4.30001	1.91153	0.766222	0.277668	0.0915304	0.0276033	0.00765003	2.86729	1.14933	0.416501	0.137296	0.0414049	0.766222	0.277668	0.0915304	0.347084
43900	4.27197	1.89173	0.754982	0.272359	0.0893917	0.0268536	0.00741787	2.8376	1.13247	0.408538	0.134087	0.0402805	0.754982	0.272359	0.0893917	0.340449
44000	4.24357	1.87166	0.743571	0.266965	0.0872175	0.0260913	0.0071817	2.80749	1.11536	0.400448	0.130826	0.0391369	0.743571	0.266965	0.0872175	0.333707
44100	4.21482	1.85131	0.731988	0.261486	0.0850074	0.025316	0.00694146	2.77697	1.09798	0.392229	0.127511	0.037974	0.731988	0.261486	0.0850074	0.326858
44200	4.18572	1.83068	0.720231	0.25592	0.082761	0.0245276	0.00669709	2.74601	1.08035	0.38388	0.124141	0.0367915	0.720231	0.25592	0.082761	0.3199
44300	4.15626	1.80976	0.708299	0.250266	0.0804778	0.0237261	0.00644855	2.71463	1.06245	0.375399	0.120717	0.0355891	0.708299	0.250266	0.0804778	0.312833
44400	4.12644	1.78855	0.69619	0.244524	0.0781575	0.0229111	0.00619579	2.68283	1.04428	0.366786	0.117236	0.0343666	0.69619	0.244524	0.0781575	0.305655
44500	4.09626	1.76706	0.683902	0.238692	0.0757997	0.0220826	0.00593874	2.65059	1.02585	0.358038	0.113699	0.0331239	0.683902	0.238692	0.0757997	0.298365
44600	4.06573	1.74528	0.671435	0.23277	0.0734038	0.0212403	0.00567737	2.61791	1.00715	0.349155	0.110106	0.0318605	0.671435	0.23277	0.0734038	0.290963
44700	4.03484	1.7232	0.658786	0.226757	0.0709696	0.0203842	0.00541161	2.5848	0.988179	0.340135	0.106454	0.0305764	0.658786	0.226757	0.0709696	0.283446
44800	4.00358	1.70084	0.645954	0.220651	0.0684965	0.0195141	0.00514141	2.55125	0.968931	0.330977	0.102745	0.0292712	0.645954	0.220651	0.0684965	0.275814
44900	3.97196	1.67817	0.632938	0.214452	0.0659842	0.0186298	0.00486673	2.51726	0.949407	0.321678	0.0989763	0.0279447	0.632938	0.214452	0.0659842	0.268065
45000	3.93999	1.65522	0.619736	0.20816	0.0634323	0.0177312	0.00458751	2.48283	0.929603	0.312239	0.0951484	0.0265968	0.619736	0.20816	0.0634323	0.260199